256
0.046875000 0.019531250
0.101562500 0.054687500
0.136718750 0.007812500
0.187500000 0.039062500
0.289062500 0.023437500
0.347656250 0.046875000
0.410156250 0.035156250
0.468750000 0.003906250
0.507812500 0.050781250
0.585937500 0.027343750
0.640625000 0.011718750
0.695312500 0.042968750
0.773437500 0.031250000
0.855468750 0.015625000
0.929687500 0.000000000
0.960937500 0.058593750
0.027343750 0.078125000
0.089843750 0.113281250
0.156250000 0.093750000
0.238281250 0.066406250
0.257812500 0.121093750
0.312500000 0.089843750
0.390625000 0.101562500
0.457031250 0.070312500
0.558593750 0.074218750
0.605468750 0.109375000
0.660156250 0.097656250
0.730468750 0.085937500
0.781250000 0.105468750
0.832031250 0.082031250
0.898437500 0.062500000
0.984375000 0.117187500
0.035156250 0.144531250
0.121093750 0.167968750
0.183593750 0.136718750
0.218750000 0.175781250
0.304687500 0.156250000
0.363281250 0.152343750
0.421875000 0.183593750
0.449218750 0.128906250
0.515625000 0.125000000
0.566406250 0.171875000
0.632812500 0.164062500
0.710937500 0.148437500
0.804687500 0.160156250
0.863281250 0.140625000
0.917968750 0.132812500
0.968750000 0.179687500
0.011718750 0.226562500
0.066406250 0.195312500
0.152343750 0.210937500
0.207031250 0.246093750
0.265625000 0.207031250
0.328125000 0.222656250
0.378906250 0.234375000
0.484375000 0.191406250
0.531250000 0.214843750
0.621093750 0.230468750
0.675781250 0.199218750
0.742187500 0.238281250
0.757812500 0.187500000
0.824218750 0.218750000
0.886718750 0.203125000
0.945312500 0.242187500
0.003906250 0.285156250
0.082031250 0.257812500
0.144531250 0.273437500
0.226562500 0.300781250
0.285156250 0.269531250
0.335937500 0.308593750
0.386718750 0.289062500
0.441406250 0.250000000
0.500000000 0.281250000
0.570312500 0.253906250
0.625000000 0.296875000
0.687500000 0.265625000
0.750000000 0.292968750
0.812500000 0.277343750
0.878906250 0.261718750
0.937500000 0.304687500
0.058593750 0.312500000
0.109375000 0.351562500
0.164062500 0.328125000
0.195312500 0.371093750
0.273437500 0.335937500
0.367187500 0.359375000
0.429687500 0.324218750
0.480468750 0.347656250
0.550781250 0.316406250
0.609375000 0.355468750
0.679687500 0.332031250
0.734375000 0.367187500
0.796875000 0.343750000
0.867187500 0.320312500
0.921875000 0.363281250
0.992187500 0.339843750
0.042968750 0.375000000
0.070312500 0.425781250
0.128906250 0.417968750
0.246093750 0.394531250
0.296875000 0.433593750
0.320312500 0.386718750
0.402343750 0.398437500
0.460937500 0.410156250
0.527343750 0.378906250
0.597656250 0.414062500
0.664062500 0.390625000
0.718750000 0.429687500
0.789062500 0.406250000
0.847656250 0.382812500
0.906250000 0.421875000
0.976562500 0.402343750
0.019531250 0.457031250
0.097656250 0.484375000
0.171875000 0.476562500
0.210937500 0.441406250
0.250000000 0.492187500
0.355468750 0.449218750
0.414062500 0.472656250
0.492187500 0.460937500
0.542968750 0.437500000
0.582031250 0.480468750
0.648437500 0.453125000
0.707031250 0.496093750
0.769531250 0.468750000
0.839843750 0.445312500
0.894531250 0.488281250
0.957031250 0.464843750
0.023437500 0.511718750
0.085937500 0.546875000
0.148437500 0.527343750
0.214843750 0.539062500
0.308593750 0.500000000
0.351562500 0.535156250
0.406250000 0.554687500
0.453125000 0.515625000
0.511718750 0.519531250
0.601562500 0.542968750
0.644531250 0.507812500
0.703125000 0.558593750
0.761718750 0.531250000
0.828125000 0.503906250
0.875000000 0.550781250
0.949218750 0.523437500
0.031250000 0.570312500
0.105468750 0.609375000
0.160156250 0.589843750
0.222656250 0.597656250
0.277343750 0.562500000
0.324218750 0.601562500
0.382812500 0.617187500
0.472656250 0.582031250
0.546875000 0.566406250
0.589843750 0.613281250
0.656250000 0.585937500
0.746093750 0.605468750
0.808593750 0.574218750
0.851562500 0.621093750
0.910156250 0.593750000
0.972656250 0.578125000
0.050781250 0.628906250
0.074218750 0.683593750
0.132812500 0.660156250
0.199218750 0.652343750
0.261718750 0.644531250
0.339843750 0.667968750
0.433593750 0.632812500
0.488281250 0.671875000
0.519531250 0.625000000
0.574218750 0.675781250
0.636718750 0.664062500
0.691406250 0.640625000
0.785156250 0.648437500
0.871093750 0.679687500
0.925781250 0.656250000
0.988281250 0.636718750
0.007812500 0.699218750
0.113281250 0.734375000
0.175781250 0.710937500
0.242187500 0.726562500
0.292968750 0.703125000
0.371093750 0.746093750
0.394531250 0.691406250
0.445312500 0.718750000
0.539062500 0.714843750
0.617187500 0.742187500
0.671875000 0.722656250
0.726562500 0.687500000
0.765625000 0.730468750
0.820312500 0.695312500
0.902343750 0.738281250
0.953125000 0.707031250
0.039062500 0.750000000
0.078125000 0.800781250
0.140625000 0.792968750
0.191406250 0.769531250
0.253906250 0.785156250
0.316406250 0.761718750
0.375000000 0.808593750
0.437500000 0.777343750
0.503906250 0.757812500
0.562500000 0.781250000
0.667968750 0.804687500
0.714843750 0.765625000
0.777343750 0.789062500
0.835937500 0.753906250
0.882812500 0.796875000
0.964843750 0.773437500
0.015625000 0.816406250
0.117187500 0.859375000
0.167968750 0.851562500
0.230468750 0.839843750
0.300781250 0.828125000
0.343750000 0.871093750
0.425781250 0.843750000
0.496093750 0.824218750
0.554687500 0.847656250
0.613281250 0.812500000
0.652343750 0.867187500
0.722656250 0.832031250
0.800781250 0.835937500
0.859375000 0.855468750
0.933593750 0.820312500
0.980468750 0.863281250
0.000000000 0.925781250
0.062500000 0.875000000
0.125000000 0.917968750
0.203125000 0.902343750
0.269531250 0.894531250
0.332031250 0.929687500
0.398437500 0.910156250
0.464843750 0.882812500
0.523437500 0.906250000
0.593750000 0.886718750
0.683593750 0.921875000
0.738281250 0.890625000
0.792968750 0.898437500
0.843750000 0.914062500
0.914062500 0.878906250
0.941406250 0.933593750
0.054687500 0.937500000
0.093750000 0.976562500
0.179687500 0.960937500
0.234375000 0.992187500
0.281250000 0.957031250
0.359375000 0.984375000
0.417968750 0.968750000
0.476562500 0.945312500
0.535156250 0.988281250
0.578125000 0.953125000
0.628906250 0.941406250
0.699218750 0.980468750
0.753906250 0.964843750
0.816406250 0.972656250
0.890625000 0.949218750
0.996093750 0.996093750
