1024
0.007812500 0.011718750
0.051757812 0.025390625
0.083007812 0.017578125
0.110351562 0.004882812
0.138671875 0.021484375
0.163085938 0.008789062
0.214843750 0.027343750
0.231445312 0.002929688
0.259765625 0.014648438
0.295898438 0.024414062
0.324218750 0.006835938
0.356445312 0.015625000
0.387695312 0.020507812
0.413085938 0.000976562
0.451171875 0.029296875
0.477539062 0.009765625
0.507812500 0.018554688
0.559570312 0.007812500
0.589843750 0.023437500
0.624023438 0.000000000
0.625976562 0.028320312
0.657226562 0.012695312
0.689453125 0.022460938
0.724609375 0.005859375
0.777343750 0.013671875
0.803710938 0.030273438
0.812500000 0.001953125
0.843750000 0.016601562
0.889648438 0.010742188
0.927734375 0.019531250
0.959960938 0.026367188
0.980468750 0.003906250
0.023437500 0.035156250
0.045898438 0.060546875
0.076171875 0.050781250
0.107421875 0.040039062
0.141601562 0.048828125
0.181640625 0.032226562
0.201171875 0.056640625
0.242187500 0.045898438
0.275390625 0.043945312
0.310546875 0.055664062
0.335937500 0.037109375
0.368164062 0.046875000
0.397460938 0.053710938
0.421875000 0.033203125
0.458007812 0.058593750
0.485351562 0.041992188
0.518554688 0.057617188
0.536132812 0.034179688
0.564453125 0.041015625
0.604492188 0.049804688
0.654296875 0.044921875
0.683593750 0.052734375
0.717773438 0.038085938
0.746093750 0.059570312
0.750976562 0.031250000
0.781250000 0.054687500
0.837890625 0.047851562
0.869140625 0.039062500
0.900390625 0.036132812
0.913085938 0.061523438
0.943359375 0.051757812
0.989257812 0.042968750
0.018554688 0.066406250
0.061523438 0.087890625
0.088867188 0.078125000
0.119140625 0.070312500
0.152343750 0.089843750
0.166015625 0.062500000
0.189453125 0.084960938
0.225585938 0.075195312
0.266601562 0.073242188
0.297851562 0.082031250
0.328125000 0.091796875
0.347656250 0.069335938
0.378906250 0.081054688
0.429687500 0.065429688
0.463867188 0.086914062
0.494140625 0.076171875
0.527343750 0.092773438
0.545898438 0.074218750
0.580078125 0.068359375
0.609375000 0.083984375
0.634765625 0.064453125
0.671875000 0.080078125
0.708984375 0.071289062
0.735351562 0.088867188
0.769531250 0.083007812
0.810546875 0.063476562
0.821289062 0.090820312
0.851562500 0.077148438
0.879882812 0.067382812
0.931640625 0.085937500
0.964843750 0.072265625
0.994140625 0.079101562
0.005859375 0.111328125
0.033203125 0.096679688
0.063476562 0.118164062
0.094726562 0.107421875
0.125000000 0.099609375
0.171875000 0.114257812
0.208984375 0.104492188
0.234375000 0.124023438
0.250000000 0.097656250
0.285156250 0.109375000
0.317382812 0.120117188
0.359375000 0.105468750
0.404296875 0.093750000
0.416992188 0.122070312
0.437500000 0.101562500
0.469726562 0.116210938
0.500000000 0.108398438
0.551757812 0.117187500
0.573242188 0.098632812
0.600585938 0.113281250
0.641601562 0.095703125
0.668945312 0.112304688
0.702148438 0.102539062
0.727539062 0.123046875
0.758789062 0.115234375
0.791015625 0.100585938
0.831054688 0.119140625
0.862304688 0.103515625
0.896484375 0.094726562
0.916015625 0.121093750
0.945312500 0.110351562
0.973632812 0.106445312
0.021484375 0.155273438
0.037109375 0.131835938
0.072265625 0.146484375
0.102539062 0.136718750
0.133789062 0.126953125
0.159179688 0.143554688
0.195312500 0.132812500
0.219726562 0.151367188
0.262695312 0.129882812
0.291992188 0.141601562
0.321289062 0.152343750
0.351562500 0.134765625
0.383789062 0.125000000
0.406250000 0.149414062
0.444335938 0.138671875
0.499023438 0.144531250
0.525390625 0.128906250
0.557617188 0.147460938
0.588867188 0.139648438
0.620117188 0.154296875
0.630859375 0.125976562
0.660156250 0.142578125
0.694335938 0.133789062
0.744140625 0.150390625
0.774414062 0.145507812
0.799804688 0.130859375
0.826171875 0.153320312
0.855468750 0.137695312
0.885742188 0.127929688
0.934570312 0.148437500
0.963867188 0.135742188
0.997070312 0.140625000
0.000000000 0.185546875
0.055664062 0.170898438
0.091796875 0.173828125
0.122070312 0.162109375
0.149414062 0.175781250
0.185546875 0.164062500
0.211914062 0.179687500
0.248046875 0.159179688
0.278320312 0.166992188
0.306640625 0.182617188
0.342773438 0.171875000
0.374023438 0.160156250
0.401367188 0.184570312
0.428710938 0.168945312
0.455078125 0.178710938
0.472656250 0.156250000
0.504882812 0.177734375
0.531250000 0.163085938
0.577148438 0.169921875
0.608398438 0.181640625
0.648437500 0.172851562
0.681640625 0.166015625
0.711914062 0.158203125
0.732421875 0.183593750
0.762695312 0.176757812
0.795898438 0.167968750
0.833984375 0.180664062
0.871093750 0.161132812
0.892578125 0.186523438
0.907226562 0.157226562
0.950195312 0.174804688
0.977539062 0.165039062
0.030273438 0.188476562
0.047851562 0.210937500
0.080078125 0.203125000
0.115234375 0.198242188
0.144531250 0.208007812
0.178710938 0.193359375
0.203125000 0.216796875
0.227539062 0.202148438
0.254882812 0.191406250
0.283203125 0.206054688
0.334960938 0.200195312
0.364257812 0.215820312
0.375000000 0.190429688
0.417968750 0.208984375
0.448242188 0.212890625
0.480468750 0.195312500
0.514648438 0.207031250
0.547851562 0.189453125
0.582031250 0.201171875
0.614257812 0.211914062
0.644531250 0.205078125
0.675781250 0.196289062
0.706054688 0.192382812
0.738281250 0.214843750
0.766601562 0.204101562
0.806640625 0.197265625
0.841796875 0.213867188
0.864257812 0.194335938
0.904296875 0.217773438
0.920898438 0.187500000
0.937500000 0.209960938
0.969726562 0.199218750
0.013671875 0.218750000
0.041015625 0.243164062
0.069335938 0.235351562
0.099609375 0.231445312
0.130859375 0.238281250
0.169921875 0.223632812
0.193359375 0.247070312
0.241210938 0.227539062
0.272460938 0.233398438
0.302734375 0.249023438
0.312500000 0.220703125
0.343750000 0.236328125
0.393554688 0.229492188
0.435546875 0.240234375
0.466796875 0.245117188
0.489257812 0.225585938
0.521484375 0.246093750
0.541015625 0.219726562
0.569335938 0.226562500
0.596679688 0.237304688
0.638671875 0.242187500
0.665039062 0.230468750
0.696289062 0.222656250
0.721679688 0.239257812
0.754882812 0.241210938
0.786132812 0.221679688
0.817382812 0.232421875
0.848632812 0.248046875
0.875000000 0.228515625
0.923828125 0.244140625
0.954101562 0.234375000
0.985351562 0.224609375
0.009765625 0.250976562
0.031250000 0.275390625
0.074218750 0.265625000
0.103515625 0.263671875
0.136718750 0.270507812
0.164062500 0.257812500
0.208007812 0.280273438
0.223632812 0.253906250
0.258789062 0.259765625
0.301757812 0.278320312
0.333007812 0.267578125
0.366210938 0.251953125
0.385742188 0.272460938
0.414062500 0.256835938
0.440429688 0.273437500
0.496093750 0.261718750
0.529296875 0.277343750
0.552734375 0.252929688
0.585937500 0.266601562
0.617187500 0.260742188
0.653320312 0.274414062
0.677734375 0.254882812
0.707031250 0.264648438
0.740234375 0.269531250
0.771484375 0.276367188
0.784179688 0.250000000
0.814453125 0.262695312
0.865234375 0.271484375
0.894531250 0.255859375
0.921875000 0.279296875
0.948242188 0.268554688
0.975585938 0.258789062
0.020507812 0.304687500
0.057617188 0.287109375
0.084960938 0.301757812
0.112304688 0.293945312
0.151367188 0.297851562
0.179687500 0.283203125
0.187500000 0.311523438
0.239257812 0.289062500
0.270507812 0.286132812
0.289062500 0.309570312
0.323242188 0.299804688
0.354492188 0.291015625
0.403320312 0.295898438
0.433593750 0.303710938
0.464843750 0.307617188
0.471679688 0.281250000
0.501953125 0.294921875
0.537109375 0.305664062
0.563476562 0.284179688
0.598632812 0.300781250
0.627929688 0.290039062
0.663085938 0.310546875
0.687500000 0.288085938
0.722656250 0.296875000
0.755859375 0.302734375
0.797851562 0.291992188
0.835937500 0.282226562
0.853515625 0.306640625
0.887695312 0.292968750
0.914062500 0.308593750
0.956054688 0.298828125
0.992187500 0.285156250
0.026367188 0.334960938
0.049804688 0.316406250
0.067382812 0.338867188
0.095703125 0.327148438
0.126953125 0.321289062
0.157226562 0.331054688
0.217773438 0.314453125
0.229492188 0.342773438
0.252929688 0.319335938
0.305664062 0.333007812
0.340820312 0.325195312
0.372070312 0.340820312
0.376953125 0.312500000
0.408203125 0.329101562
0.450195312 0.335937500
0.486328125 0.323242188
0.515625000 0.326171875
0.543945312 0.337890625
0.570312500 0.315429688
0.605468750 0.332031250
0.632812500 0.320312500
0.680664062 0.341796875
0.698242188 0.318359375
0.730468750 0.330078125
0.760742188 0.333984375
0.790039062 0.322265625
0.822265625 0.313476562
0.845703125 0.339843750
0.881835938 0.324218750
0.936523438 0.328125000
0.966796875 0.336914062
0.990234375 0.317382812
0.001953125 0.348632812
0.042968750 0.361328125
0.090820312 0.367187500
0.118164062 0.352539062
0.143554688 0.365234375
0.173828125 0.358398438
0.197265625 0.344726562
0.246093750 0.372070312
0.273437500 0.345703125
0.282226562 0.374023438
0.315429688 0.359375000
0.345703125 0.356445312
0.395507812 0.363281250
0.426757812 0.350585938
0.453125000 0.370117188
0.479492188 0.353515625
0.511718750 0.354492188
0.555664062 0.369140625
0.579101562 0.349609375
0.611328125 0.362304688
0.646484375 0.346679688
0.670898438 0.373046875
0.713867188 0.355468750
0.748046875 0.364257812
0.780273438 0.360351562
0.809570312 0.347656250
0.832031250 0.368164062
0.873046875 0.351562500
0.902343750 0.371093750
0.908203125 0.343750000
0.939453125 0.357421875
0.979492188 0.366210938
0.011718750 0.378906250
0.039062500 0.398437500
0.064453125 0.383789062
0.114257812 0.392578125
0.147460938 0.394531250
0.183593750 0.387695312
0.212890625 0.375000000
0.236328125 0.404296875
0.267578125 0.400390625
0.308593750 0.389648438
0.337890625 0.390625000
0.370117188 0.377929688
0.398437500 0.402343750
0.419921875 0.380859375
0.459960938 0.396484375
0.491210938 0.385742188
0.523437500 0.379882812
0.539062500 0.405273438
0.567382812 0.397460938
0.594726562 0.386718750
0.637695312 0.375976562
0.658203125 0.401367188
0.699218750 0.382812500
0.736328125 0.391601562
0.768554688 0.393554688
0.801757812 0.384765625
0.828125000 0.399414062
0.860351562 0.376953125
0.890625000 0.395507812
0.926757812 0.388671875
0.958007812 0.381835938
0.986328125 0.403320312
0.015625000 0.415039062
0.052734375 0.425781250
0.085937500 0.407226562
0.105468750 0.430664062
0.135742188 0.424804688
0.167968750 0.418945312
0.200195312 0.412109375
0.221679688 0.433593750
0.255859375 0.431640625
0.293945312 0.416992188
0.326171875 0.422851562
0.357421875 0.410156250
0.380859375 0.427734375
0.431640625 0.409179688
0.441406250 0.435546875
0.474609375 0.420898438
0.506835938 0.417968750
0.561523438 0.432617188
0.592773438 0.421875000
0.622070312 0.406250000
0.643554688 0.428710938
0.685546875 0.414062500
0.714843750 0.411132812
0.728515625 0.434570312
0.752929688 0.423828125
0.788085938 0.416015625
0.818359375 0.429687500
0.857421875 0.408203125
0.883789062 0.426757812
0.918945312 0.419921875
0.952148438 0.413085938
0.971679688 0.436523438
0.003906250 0.440429688
0.035156250 0.453125000
0.078125000 0.445312500
0.097656250 0.466796875
0.129882812 0.457031250
0.160156250 0.452148438
0.191406250 0.443359375
0.233398438 0.462890625
0.264648438 0.464843750
0.287109375 0.447265625
0.319335938 0.455078125
0.349609375 0.442382812
0.388671875 0.460937500
0.410156250 0.438476562
0.460937500 0.458984375
0.493164062 0.449218750
0.519531250 0.465820312
0.533203125 0.439453125
0.583984375 0.454101562
0.616210938 0.448242188
0.651367188 0.461914062
0.673828125 0.441406250
0.704101562 0.450195312
0.743164062 0.459960938
0.776367188 0.446289062
0.805664062 0.458007812
0.839843750 0.463867188
0.849609375 0.437500000
0.877929688 0.456054688
0.910156250 0.451171875
0.941406250 0.444335938
0.999023438 0.467773438
0.028320312 0.487304688
0.059570312 0.470703125
0.070312500 0.496093750
0.124023438 0.483398438
0.154296875 0.495117188
0.176757812 0.478515625
0.206054688 0.474609375
0.244140625 0.491210938
0.279296875 0.499023438
0.298828125 0.476562500
0.331054688 0.484375000
0.361328125 0.472656250
0.391601562 0.492187500
0.423828125 0.469726562
0.446289062 0.489257812
0.483398438 0.481445312
0.509765625 0.498046875
0.549804688 0.468750000
0.574218750 0.490234375
0.601562500 0.479492188
0.629882812 0.480468750
0.666992188 0.493164062
0.691406250 0.473632812
0.719726562 0.485351562
0.764648438 0.475585938
0.792968750 0.488281250
0.824218750 0.494140625
0.868164062 0.482421875
0.898437500 0.486328125
0.929687500 0.477539062
0.961914062 0.471679688
0.982421875 0.497070312
0.008789062 0.509765625
0.046875000 0.516601562
0.083984375 0.525390625
0.100585938 0.500000000
0.140625000 0.519531250
0.182617188 0.514648438
0.209960938 0.503906250
0.220703125 0.530273438
0.257812500 0.517578125
0.311523438 0.508789062
0.338867188 0.524414062
0.358398438 0.502929688
0.389648438 0.522460938
0.418945312 0.505859375
0.447265625 0.527343750
0.473632812 0.511718750
0.522460938 0.526367188
0.542968750 0.500976562
0.572265625 0.521484375
0.603515625 0.510742188
0.640625000 0.506835938
0.659179688 0.529296875
0.690429688 0.512695312
0.720703125 0.518554688
0.750000000 0.501953125
0.782226562 0.515625000
0.813476562 0.523437500
0.850585938 0.507812500
0.880859375 0.520507812
0.911132812 0.513671875
0.946289062 0.504882812
0.970703125 0.528320312
0.024414062 0.539062500
0.041992188 0.560546875
0.065429688 0.547851562
0.113281250 0.531250000
0.125976562 0.556640625
0.162109375 0.538085938
0.192382812 0.550781250
0.249023438 0.544921875
0.276367188 0.555664062
0.292968750 0.533203125
0.322265625 0.549804688
0.367187500 0.542968750
0.400390625 0.558593750
0.422851562 0.541015625
0.465820312 0.553710938
0.492187500 0.535156250
0.505859375 0.557617188
0.548828125 0.540039062
0.590820312 0.546875000
0.623046875 0.532226562
0.625000000 0.561523438
0.684570312 0.545898438
0.715820312 0.551757812
0.749023438 0.537109375
0.778320312 0.543945312
0.808593750 0.552734375
0.842773438 0.536132812
0.870117188 0.554687500
0.899414062 0.548828125
0.935546875 0.534179688
0.958984375 0.559570312
0.996093750 0.541992188
0.017578125 0.577148438
0.054687500 0.584960938
0.092773438 0.563476562
0.108398438 0.588867188
0.150390625 0.571289062
0.177734375 0.578125000
0.202148438 0.590820312
0.226562500 0.566406250
0.265625000 0.583007812
0.303710938 0.573242188
0.332031250 0.592773438
0.348632812 0.565429688
0.377929688 0.575195312
0.412109375 0.586914062
0.438476562 0.569335938
0.481445312 0.581054688
0.513671875 0.591796875
0.535156250 0.570312500
0.566406250 0.567382812
0.595703125 0.579101562
0.655273438 0.562500000
0.672851562 0.587890625
0.703125000 0.582031250
0.737304688 0.576171875
0.767578125 0.574218750
0.798828125 0.580078125
0.834960938 0.568359375
0.861328125 0.585937500
0.893554688 0.583984375
0.924804688 0.564453125
0.940429688 0.589843750
0.987304688 0.572265625
0.000976562 0.606445312
0.034179688 0.613281250
0.077148438 0.598632812
0.121093750 0.623046875
0.137695312 0.601562500
0.166992188 0.609375000
0.216796875 0.619140625
0.238281250 0.594726562
0.250976562 0.621093750
0.286132812 0.600585938
0.313476562 0.615234375
0.360351562 0.604492188
0.390625000 0.608398438
0.430664062 0.618164062
0.454101562 0.596679688
0.490234375 0.612304688
0.524414062 0.620117188
0.554687500 0.597656250
0.583007812 0.611328125
0.612304688 0.602539062
0.639648438 0.593750000
0.664062500 0.622070312
0.695312500 0.614257812
0.726562500 0.607421875
0.759765625 0.603515625
0.791992188 0.610351562
0.823242188 0.599609375
0.858398438 0.617187500
0.888671875 0.616210938
0.916992188 0.605468750
0.967773438 0.595703125
0.976562500 0.624023438
0.022460938 0.640625000
0.058593750 0.632812500
0.087890625 0.625976562
0.101562500 0.655273438
0.132812500 0.651367188
0.158203125 0.638671875
0.190429688 0.629882812
0.235351562 0.646484375
0.277343750 0.630859375
0.299804688 0.648437500
0.341796875 0.634765625
0.371093750 0.644531250
0.402343750 0.637695312
0.436523438 0.652343750
0.462890625 0.627929688
0.497070312 0.642578125
0.530273438 0.653320312
0.553710938 0.631835938
0.581054688 0.647460938
0.607421875 0.636718750
0.635742188 0.626953125
0.679687500 0.650390625
0.708007812 0.641601562
0.739257812 0.633789062
0.773437500 0.635742188
0.802734375 0.643554688
0.830078125 0.628906250
0.846679688 0.654296875
0.876953125 0.649414062
0.917968750 0.639648438
0.944335938 0.625000000
0.991210938 0.645507812
0.004882812 0.672851562
0.036132812 0.669921875
0.066406250 0.660156250
0.117187500 0.685546875
0.146484375 0.679687500
0.174804688 0.666015625
0.205078125 0.657226562
0.224609375 0.676757812
0.263671875 0.659179688
0.290039062 0.677734375
0.327148438 0.664062500
0.352539062 0.681640625
0.379882812 0.673828125
0.409179688 0.668945312
0.442382812 0.684570312
0.468750000 0.662109375
0.502929688 0.670898438
0.534179688 0.682617188
0.565429688 0.671875000
0.619140625 0.663085938
0.650390625 0.658203125
0.661132812 0.686523438
0.692382812 0.678710938
0.723632812 0.666992188
0.756835938 0.661132812
0.785156250 0.674804688
0.819335938 0.667968750
0.866210938 0.683593750
0.903320312 0.665039062
0.932617188 0.680664062
0.953125000 0.656250000
0.972656250 0.675781250
0.029296875 0.698242188
0.053710938 0.712890625
0.073242188 0.688476562
0.096679688 0.706054688
0.155273438 0.708007812
0.184570312 0.694335938
0.213867188 0.702148438
0.243164062 0.717773438
0.253906250 0.689453125
0.281250000 0.709960938
0.316406250 0.695312500
0.344726562 0.711914062
0.384765625 0.704101562
0.415039062 0.699218750
0.452148438 0.714843750
0.478515625 0.692382812
0.510742188 0.707031250
0.560546875 0.701171875
0.586914062 0.716796875
0.597656250 0.687500000
0.628906250 0.696289062
0.676757812 0.713867188
0.710937500 0.703125000
0.745117188 0.691406250
0.770507812 0.708984375
0.804687500 0.697265625
0.838867188 0.690429688
0.872070312 0.715820312
0.897460938 0.693359375
0.928710938 0.710937500
0.960937500 0.705078125
0.993164062 0.700195312
0.012695312 0.723632812
0.044921875 0.741210938
0.079101562 0.733398438
0.109375000 0.743164062
0.128906250 0.718750000
0.168945312 0.734375000
0.198242188 0.728515625
0.232421875 0.746093750
0.269531250 0.738281250
0.307617188 0.724609375
0.330078125 0.744140625
0.365234375 0.731445312
0.396484375 0.736328125
0.425781250 0.727539062
0.457031250 0.748046875
0.484375000 0.721679688
0.516601562 0.740234375
0.541992188 0.722656250
0.575195312 0.745117188
0.613281250 0.730468750
0.645507812 0.726562500
0.667968750 0.747070312
0.701171875 0.735351562
0.733398438 0.719726562
0.763671875 0.742187500
0.793945312 0.729492188
0.825195312 0.720703125
0.852539062 0.737304688
0.882812500 0.749023438
0.906250000 0.725585938
0.951171875 0.739257812
0.981445312 0.732421875
0.016601562 0.753906250
0.038085938 0.776367188
0.068359375 0.763671875
0.104492188 0.771484375
0.142578125 0.750976562
0.172851562 0.766601562
0.204101562 0.760742188
0.230468750 0.778320312
0.260742188 0.767578125
0.294921875 0.755859375
0.329101562 0.773437500
0.362304688 0.761718750
0.392578125 0.769531250
0.424804688 0.758789062
0.443359375 0.780273438
0.487304688 0.752929688
0.517578125 0.770507812
0.546875000 0.754882812
0.568359375 0.779296875
0.599609375 0.764648438
0.631835938 0.757812500
0.686523438 0.765625000
0.716796875 0.775390625
0.729492188 0.750000000
0.751953125 0.772460938
0.796875000 0.759765625
0.829101562 0.756835938
0.859375000 0.774414062
0.891601562 0.777343750
0.919921875 0.751953125
0.957031250 0.768554688
0.988281250 0.762695312
0.006835938 0.788085938
0.056640625 0.806640625
0.082031250 0.790039062
0.116210938 0.801757812
0.139648438 0.783203125
0.165039062 0.798828125
0.196289062 0.792968750
0.247070312 0.811523438
0.268554688 0.796875000
0.300781250 0.786132812
0.325195312 0.805664062
0.355468750 0.791015625
0.381835938 0.803710938
0.411132812 0.794921875
0.467773438 0.809570312
0.475585938 0.782226562
0.503906250 0.797851562
0.538085938 0.791992188
0.587890625 0.804687500
0.621093750 0.787109375
0.649414062 0.808593750
0.656250000 0.781250000
0.688476562 0.793945312
0.742187500 0.800781250
0.779296875 0.785156250
0.794921875 0.810546875
0.816406250 0.789062500
0.844726562 0.799804688
0.878906250 0.807617188
0.922851562 0.784179688
0.942382812 0.802734375
0.974609375 0.795898438
0.025390625 0.816406250
0.043945312 0.837890625
0.089843750 0.821289062
0.120117188 0.834960938
0.148437500 0.824218750
0.180664062 0.829101562
0.210937500 0.840820312
0.218750000 0.812500000
0.274414062 0.842773438
0.288085938 0.819335938
0.318359375 0.833007812
0.350585938 0.823242188
0.399414062 0.831054688
0.432617188 0.814453125
0.456054688 0.836914062
0.495117188 0.827148438
0.526367188 0.828125000
0.558593750 0.817382812
0.578125000 0.839843750
0.615234375 0.820312500
0.642578125 0.838867188
0.674804688 0.825195312
0.709960938 0.813476562
0.734375000 0.833984375
0.765625000 0.818359375
0.787109375 0.841796875
0.820312500 0.826171875
0.854492188 0.832031250
0.905273438 0.815429688
0.930664062 0.835937500
0.962890625 0.830078125
0.995117188 0.822265625
0.010742188 0.851562500
0.048828125 0.872070312
0.071289062 0.847656250
0.098632812 0.861328125
0.127929688 0.867187500
0.156250000 0.856445312
0.188476562 0.863281250
0.240234375 0.844726562
0.251953125 0.870117188
0.304687500 0.858398438
0.336914062 0.860351562
0.373046875 0.846679688
0.386718750 0.874023438
0.420898438 0.849609375
0.449218750 0.866210938
0.482421875 0.854492188
0.512695312 0.862304688
0.544921875 0.852539062
0.571289062 0.873046875
0.606445312 0.848632812
0.633789062 0.869140625
0.669921875 0.857421875
0.700195312 0.845703125
0.725585938 0.865234375
0.757812500 0.850585938
0.807617188 0.864257812
0.836914062 0.855468750
0.874023438 0.871093750
0.884765625 0.843750000
0.912109375 0.859375000
0.949218750 0.868164062
0.978515625 0.853515625
0.019531250 0.878906250
0.040039062 0.904296875
0.075195312 0.884765625
0.111328125 0.894531250
0.145507812 0.893554688
0.175781250 0.889648438
0.215820312 0.875000000
0.228515625 0.899414062
0.256835938 0.900390625
0.284179688 0.880859375
0.314453125 0.891601562
0.353515625 0.882812500
0.375976562 0.903320312
0.416015625 0.876953125
0.439453125 0.897460938
0.476562500 0.887695312
0.508789062 0.895507812
0.540039062 0.885742188
0.576171875 0.902343750
0.602539062 0.877929688
0.636718750 0.898437500
0.666015625 0.888671875
0.697265625 0.879882812
0.747070312 0.890625000
0.775390625 0.875976562
0.783203125 0.905273438
0.815429688 0.892578125
0.847656250 0.883789062
0.875976562 0.901367188
0.909179688 0.886718750
0.938476562 0.896484375
0.984375000 0.881835938
0.002929688 0.909179688
0.060546875 0.927734375
0.086914062 0.914062500
0.106445312 0.935546875
0.134765625 0.920898438
0.170898438 0.924804688
0.199218750 0.912109375
0.237304688 0.929687500
0.280273438 0.916015625
0.309570312 0.925781250
0.339843750 0.911132812
0.363281250 0.931640625
0.405273438 0.907226562
0.427734375 0.933593750
0.458984375 0.918945312
0.488281250 0.921875000
0.520507812 0.928710938
0.550781250 0.917968750
0.584960938 0.930664062
0.610351562 0.910156250
0.652343750 0.923828125
0.682617188 0.915039062
0.705078125 0.934570312
0.718750000 0.906250000
0.753906250 0.919921875
0.811523438 0.922851562
0.840820312 0.913085938
0.867187500 0.932617188
0.901367188 0.916992188
0.933593750 0.926757812
0.965820312 0.936523438
0.968750000 0.908203125
0.027343750 0.937500000
0.050781250 0.961914062
0.081054688 0.952148438
0.123046875 0.958984375
0.153320312 0.948242188
0.186523438 0.964843750
0.207031250 0.942382812
0.245117188 0.956054688
0.271484375 0.944335938
0.296875000 0.958007812
0.333984375 0.945312500
0.369140625 0.962890625
0.394531250 0.939453125
0.407226562 0.966796875
0.461914062 0.950195312
0.498046875 0.953125000
0.528320312 0.963867188
0.556640625 0.946289062
0.591796875 0.959960938
0.618164062 0.938476562
0.647460938 0.951171875
0.678710938 0.955078125
0.712890625 0.967773438
0.731445312 0.943359375
0.761718750 0.954101562
0.789062500 0.940429688
0.827148438 0.949218750
0.856445312 0.960937500
0.895507812 0.947265625
0.925781250 0.957031250
0.955078125 0.965820312
0.998046875 0.941406250
0.014648438 0.970703125
0.032226562 0.995117188
0.062500000 0.990234375
0.093750000 0.980468750
0.131835938 0.987304688
0.161132812 0.978515625
0.194335938 0.997070312
0.222656250 0.974609375
0.261718750 0.982421875
0.291015625 0.993164062
0.320312500 0.973632812
0.346679688 0.985351562
0.382812500 0.989257812
0.434570312 0.968750000
0.445312500 0.999023438
0.470703125 0.977539062
0.500976562 0.983398438
0.532226562 0.998046875
0.562500000 0.975585938
0.593750000 0.991210938
0.626953125 0.971679688
0.662109375 0.984375000
0.693359375 0.992187500
0.741210938 0.979492188
0.772460938 0.986328125
0.800781250 0.969726562
0.833007812 0.981445312
0.863281250 0.996093750
0.886718750 0.976562500
0.915039062 0.988281250
0.947265625 0.994140625
0.983398438 0.972656250
