2048
0.009765625 0.012207031
0.029785156 0.020996094
0.043945312 0.005371094
0.051757812 0.027832031
0.068359375 0.008789062
0.089843750 0.016113281
0.108886719 0.023437500
0.123046875 0.000976562
0.127929688 0.029785156
0.140625000 0.010742188
0.161621094 0.007324219
0.179199219 0.021972656
0.202636719 0.025390625
0.205078125 0.003417969
0.224609375 0.017578125
0.246093750 0.013671875
0.262207031 0.022949219
0.274902344 0.003906250
0.282714844 0.026855469
0.298828125 0.010253906
0.326660156 0.017089844
0.339843750 0.000000000
0.355957031 0.015136719
0.373535156 0.030761719
0.377441406 0.006347656
0.395507812 0.018554688
0.418457031 0.012695312
0.436035156 0.028808594
0.440429688 0.002441406
0.455566406 0.020019531
0.475585938 0.024902344
0.486328125 0.007812500
0.506347656 0.019531250
0.524902344 0.001464844
0.531250000 0.023925781
0.550781250 0.011718750
0.570800781 0.008300781
0.578613281 0.028320312
0.597656250 0.015625000
0.619628906 0.004882812
0.625488281 0.025878906
0.645019531 0.011230469
0.665039062 0.001953125
0.671875000 0.022460938
0.691894531 0.014648438
0.712402344 0.018066406
0.729492188 0.030273438
0.734863281 0.006835938
0.754394531 0.020507812
0.775390625 0.002929688
0.783203125 0.024414062
0.799316406 0.013183594
0.825683594 0.009765625
0.838867188 0.027343750
0.848144531 0.005859375
0.865234375 0.019042969
0.888183594 0.016601562
0.905273438 0.004394531
0.910644531 0.026367188
0.929687500 0.009277344
0.939941406 0.029296875
0.955566406 0.014160156
0.972656250 0.000488281
0.986328125 0.021484375
0.000488281 0.061523438
0.017578125 0.038574219
0.036621094 0.045898438
0.059570312 0.052734375
0.072753906 0.033203125
0.081054688 0.056152344
0.095214844 0.040039062
0.115722656 0.049804688
0.139648438 0.050781250
0.151855469 0.031250000
0.169921875 0.042480469
0.183593750 0.060058594
0.194824219 0.043945312
0.216796875 0.048339844
0.233886719 0.036132812
0.239746094 0.057617188
0.257324219 0.043457031
0.270996094 0.060546875
0.289062500 0.047363281
0.308593750 0.032226562
0.314941406 0.055175781
0.330566406 0.039550781
0.349121094 0.035156250
0.361328125 0.052246094
0.388671875 0.044921875
0.404785156 0.058593750
0.411132812 0.034179688
0.428222656 0.049316406
0.448242188 0.056640625
0.461425781 0.041503906
0.481445312 0.053710938
0.493652344 0.037597656
0.515136719 0.040527344
0.519042969 0.062011719
0.539062500 0.048828125
0.556152344 0.032714844
0.562500000 0.053222656
0.587402344 0.046386719
0.604980469 0.036621094
0.611816406 0.058105469
0.633300781 0.047851562
0.650878906 0.033691406
0.663574219 0.055664062
0.681640625 0.041992188
0.695312500 0.059570312
0.704101562 0.037109375
0.720214844 0.051757812
0.745117188 0.044433594
0.765136719 0.038085938
0.771972656 0.059082031
0.790527344 0.045410156
0.811035156 0.054199219
0.813964844 0.031738281
0.833007812 0.050292969
0.855957031 0.041015625
0.873046875 0.057128906
0.879394531 0.035644531
0.896972656 0.046875000
0.915039062 0.061035156
0.924316406 0.042968750
0.945312500 0.051269531
0.965332031 0.034667969
0.980468750 0.054687500
0.996582031 0.039062500
0.014648438 0.083007812
0.023925781 0.063476562
0.032714844 0.091308594
0.046875000 0.072265625
0.065917969 0.076660156
0.085449219 0.081054688
0.103027344 0.066894531
0.120117188 0.087890625
0.129882812 0.070312500
0.146972656 0.086425781
0.157226562 0.064453125
0.173828125 0.079589844
0.198730469 0.074707031
0.214355469 0.093261719
0.219726562 0.069335938
0.235351562 0.084960938
0.252929688 0.073730469
0.278808594 0.082031250
0.295898438 0.067382812
0.301269531 0.090332031
0.319824219 0.080078125
0.336914062 0.062988281
0.352539062 0.075195312
0.370605469 0.087402344
0.378906250 0.065917969
0.398925781 0.078613281
0.416503906 0.092285156
0.424316406 0.071289062
0.443359375 0.077636719
0.467285156 0.088867188
0.469238281 0.068847656
0.489746094 0.084472656
0.500000000 0.065429688
0.528808594 0.085937500
0.543945312 0.070800781
0.560546875 0.083984375
0.576660156 0.068359375
0.583984375 0.092773438
0.596679688 0.074218750
0.621582031 0.080566406
0.639648438 0.066406250
0.642578125 0.090820312
0.659667969 0.076171875
0.684082031 0.078125000
0.702148438 0.089355469
0.715332031 0.072753906
0.733398438 0.082519531
0.741699219 0.063964844
0.760742188 0.075683594
0.780761719 0.089843750
0.793457031 0.069824219
0.807617188 0.085449219
0.823730469 0.073242188
0.841796875 0.086914062
0.851562500 0.064941406
0.868164062 0.079101562
0.884277344 0.091796875
0.892089844 0.067871094
0.906738281 0.083496094
0.933593750 0.071777344
0.951660156 0.081542969
0.960449219 0.062500000
0.977539062 0.077148438
0.994140625 0.088378906
0.007324219 0.107421875
0.022460938 0.124511719
0.040039062 0.114257812
0.055664062 0.098632812
0.076171875 0.103027344
0.087890625 0.118164062
0.100097656 0.094238281
0.112792969 0.110839844
0.136230469 0.106445312
0.153320312 0.120117188
0.164062500 0.100097656
0.180664062 0.116210938
0.188964844 0.096191406
0.207519531 0.112792969
0.226562500 0.122558594
0.242675781 0.104980469
0.261230469 0.095214844
0.268066406 0.117675781
0.286132812 0.105957031
0.306640625 0.115234375
0.322753906 0.102050781
0.333496094 0.121582031
0.344726562 0.098144531
0.365722656 0.109863281
0.386230469 0.119628906
0.390625000 0.097167969
0.407714844 0.111816406
0.432128906 0.104003906
0.452148438 0.100585938
0.459960938 0.123046875
0.477539062 0.108398438
0.498046875 0.113769531
0.508300781 0.093750000
0.521972656 0.110351562
0.538574219 0.120605469
0.546875000 0.101562500
0.567382812 0.108886719
0.593261719 0.113281250
0.607910156 0.097656250
0.615234375 0.124023438
0.628906250 0.106933594
0.653320312 0.112304688
0.668457031 0.096679688
0.676757812 0.122070312
0.687988281 0.104492188
0.707031250 0.115722656
0.724121094 0.101074219
0.748046875 0.118652344
0.750488281 0.095703125
0.769042969 0.109375000
0.787109375 0.119140625
0.802734375 0.105468750
0.817871094 0.123535156
0.828125000 0.102539062
0.844238281 0.116699219
0.859375000 0.099609375
0.877441406 0.111328125
0.900878906 0.107910156
0.917968750 0.117187500
0.925781250 0.094726562
0.944824219 0.103515625
0.962402344 0.121093750
0.970703125 0.099121094
0.989257812 0.114746094
0.003417969 0.135253906
0.028808594 0.154785156
0.041503906 0.140625000
0.061523438 0.125000000
0.062988281 0.146972656
0.082519531 0.139160156
0.104003906 0.132324219
0.118652344 0.151367188
0.126464844 0.128906250
0.143066406 0.144531250
0.166015625 0.137207031
0.185546875 0.153320312
0.191894531 0.132812500
0.209472656 0.142578125
0.231445312 0.148437500
0.248535156 0.126953125
0.251464844 0.147949219
0.272460938 0.140136719
0.291015625 0.130859375
0.312011719 0.155761719
0.312988281 0.136230469
0.335449219 0.142089844
0.357421875 0.127929688
0.360351562 0.149902344
0.380859375 0.138183594
0.401855469 0.145507812
0.415527344 0.129882812
0.426757812 0.150878906
0.437500000 0.126464844
0.453613281 0.143554688
0.473144531 0.152343750
0.484863281 0.133789062
0.510742188 0.131835938
0.516601562 0.153808594
0.533691406 0.141113281
0.557128906 0.133300781
0.574218750 0.150390625
0.580078125 0.128417969
0.599609375 0.139648438
0.624511719 0.145019531
0.638183594 0.129394531
0.646972656 0.154296875
0.660156250 0.136718750
0.678222656 0.147460938
0.694824219 0.134765625
0.714355469 0.143066406
0.728027344 0.125488281
0.736816406 0.148925781
0.757324219 0.152832031
0.765625000 0.131347656
0.781250000 0.144042969
0.800781250 0.135742188
0.815429688 0.149414062
0.837402344 0.137695312
0.858398438 0.145996094
0.863769531 0.127441406
0.886230469 0.130371094
0.898437500 0.146484375
0.917480469 0.138671875
0.935546875 0.155273438
0.937988281 0.125976562
0.954101562 0.141601562
0.978515625 0.134277344
0.984375000 0.151855469
0.008300781 0.156250000
0.016113281 0.177246094
0.034179688 0.182128906
0.049804688 0.166992188
0.074218750 0.167968750
0.087402344 0.184082031
0.096679688 0.160156250
0.113769531 0.174804688
0.136718750 0.165039062
0.155273438 0.178710938
0.163085938 0.159179688
0.176757812 0.181152344
0.195800781 0.171875000
0.214843750 0.163085938
0.221191406 0.187011719
0.237304688 0.170898438
0.264160156 0.166015625
0.279785156 0.182617188
0.288085938 0.158203125
0.302734375 0.177734375
0.325683594 0.174316406
0.342285156 0.162597656
0.350585938 0.185546875
0.368164062 0.169921875
0.387695312 0.161621094
0.392578125 0.184570312
0.408691406 0.168945312
0.430175781 0.176269531
0.446289062 0.164062500
0.464355469 0.172851562
0.483886719 0.179687500
0.496093750 0.157226562
0.504882812 0.178222656
0.530761719 0.168457031
0.541992188 0.186035156
0.552734375 0.157714844
0.564941406 0.175292969
0.588378906 0.165527344
0.606933594 0.183105469
0.609863281 0.160644531
0.630859375 0.170410156
0.649902344 0.180175781
0.666992188 0.163574219
0.686035156 0.175781250
0.699218750 0.158691406
0.706054688 0.185058594
0.721679688 0.166503906
0.743164062 0.173339844
0.758300781 0.186523438
0.773925781 0.169433594
0.791992188 0.161132812
0.809082031 0.172363281
0.827636719 0.181640625
0.831542969 0.159667969
0.851074219 0.167480469
0.869628906 0.179199219
0.876464844 0.156738281
0.893066406 0.173828125
0.913085938 0.164550781
0.928710938 0.180664062
0.948242188 0.176757812
0.963378906 0.162109375
0.975097656 0.183593750
0.993164062 0.171386719
0.003906250 0.218261719
0.019531250 0.201171875
0.038574219 0.208496094
0.054199219 0.189453125
0.071777344 0.198730469
0.091796875 0.212402344
0.105468750 0.194824219
0.122558594 0.206542969
0.134277344 0.188476562
0.145507812 0.213867188
0.159179688 0.200195312
0.181640625 0.204589844
0.200683594 0.192871094
0.203125000 0.216308594
0.222656250 0.210449219
0.241210938 0.196777344
0.258789062 0.187500000
0.265625000 0.211425781
0.284667969 0.205078125
0.305664062 0.199707031
0.320800781 0.216796875
0.328613281 0.195312500
0.346679688 0.207519531
0.372558594 0.193847656
0.384277344 0.212890625
0.403320312 0.202636719
0.420898438 0.191894531
0.434570312 0.208984375
0.450195312 0.190917969
0.458007812 0.215332031
0.472167969 0.197753906
0.494140625 0.203613281
0.513183594 0.213378906
0.520019531 0.192382812
0.536621094 0.209472656
0.559082031 0.198242188
0.572265625 0.214843750
0.582519531 0.188964844
0.594726562 0.206054688
0.617675781 0.202148438
0.635253906 0.195800781
0.654785156 0.207031250
0.669921875 0.189941406
0.674804688 0.217773438
0.689453125 0.200683594
0.709960938 0.210937500
0.725585938 0.193359375
0.746093750 0.204101562
0.763183594 0.214355469
0.777343750 0.196289062
0.796386719 0.187988281
0.804687500 0.209960938
0.821777344 0.201660156
0.840820312 0.217285156
0.846191406 0.191406250
0.861816406 0.205566406
0.882324219 0.199218750
0.902343750 0.211914062
0.908203125 0.190429688
0.932128906 0.203125000
0.950683594 0.215820312
0.958496094 0.197265625
0.982421875 0.208007812
0.998046875 0.194335938
0.012207031 0.244140625
0.025878906 0.226562500
0.045898438 0.236816406
0.057617188 0.218750000
0.066406250 0.248046875
0.078613281 0.230468750
0.098144531 0.241210938
0.109863281 0.225585938
0.130859375 0.229980469
0.149902344 0.238769531
0.168945312 0.223144531
0.171875000 0.246582031
0.189941406 0.232421875
0.210937500 0.243652344
0.228515625 0.234863281
0.245605469 0.220703125
0.254394531 0.239746094
0.275390625 0.231445312
0.293945312 0.247558594
0.296875000 0.224609375
0.316406250 0.237792969
0.339355469 0.228027344
0.353515625 0.245117188
0.363281250 0.219726562
0.375488281 0.235839844
0.397460938 0.233398438
0.413574219 0.221679688
0.422363281 0.242675781
0.441406250 0.229003906
0.465332031 0.240722656
0.479980469 0.223632812
0.491210938 0.249023438
0.501953125 0.230957031
0.526855469 0.234375000
0.546386719 0.248535156
0.549804688 0.226074219
0.568847656 0.240234375
0.589843750 0.228515625
0.603027344 0.244628906
0.613769531 0.222167969
0.627441406 0.239257812
0.641113281 0.222656250
0.657714844 0.233886719
0.679687500 0.243164062
0.697265625 0.227050781
0.718261719 0.237304688
0.731445312 0.219238281
0.738769531 0.247070312
0.751953125 0.231933594
0.770996094 0.242187500
0.785156250 0.220214844
0.797851562 0.238281250
0.818847656 0.227539062
0.834960938 0.246093750
0.854003906 0.236328125
0.872070312 0.224121094
0.890136719 0.229492188
0.895996094 0.249511719
0.920898438 0.241699219
0.921875000 0.221191406
0.941894531 0.232910156
0.967773438 0.245605469
0.970214844 0.225097656
0.990234375 0.235351562
0.013183594 0.265136719
0.030273438 0.278808594
0.035156250 0.253906250
0.052734375 0.266113281
0.069824219 0.276855469
0.084472656 0.259277344
0.104980469 0.270019531
0.119628906 0.250488281
0.127441406 0.274902344
0.142089844 0.257324219
0.162109375 0.268554688
0.184570312 0.259765625
0.187988281 0.280761719
0.204589844 0.263183594
0.223632812 0.271972656
0.236328125 0.253417969
0.258300781 0.267089844
0.273925781 0.255371094
0.290527344 0.273437500
0.310546875 0.262207031
0.321777344 0.277832031
0.332519531 0.252441406
0.345703125 0.270996094
0.369140625 0.258300781
0.382324219 0.275878906
0.393554688 0.255859375
0.414062500 0.261230469
0.431152344 0.272949219
0.442382812 0.251464844
0.457031250 0.267578125
0.478515625 0.264160156
0.492187500 0.279785156
0.510253906 0.271484375
0.515625000 0.250000000
0.532226562 0.264648438
0.548828125 0.277343750
0.566894531 0.265625000
0.586425781 0.256347656
0.603515625 0.273925781
0.618652344 0.258789062
0.630371094 0.276367188
0.643554688 0.254882812
0.664062500 0.260742188
0.683105469 0.270507812
0.698242188 0.251953125
0.705078125 0.279296875
0.719238281 0.262695312
0.739746094 0.268066406
0.760253906 0.261718750
0.776367188 0.278320312
0.786132812 0.256835938
0.801757812 0.272460938
0.814453125 0.252929688
0.830078125 0.269042969
0.853027344 0.260253906
0.870605469 0.275390625
0.875000000 0.250976562
0.894531250 0.274414062
0.912597656 0.263671875
0.934570312 0.266601562
0.949707031 0.254394531
0.957519531 0.280273438
0.973632812 0.269531250
0.991210938 0.257812500
0.001464844 0.283203125
0.018554688 0.296875000
0.039550781 0.304687500
0.054687500 0.291015625
0.077148438 0.302734375
0.090820312 0.285156250
0.095703125 0.310058594
0.111816406 0.294921875
0.132812500 0.299804688
0.148925781 0.287109375
0.170898438 0.292968750
0.178222656 0.312011719
0.199218750 0.306640625
0.211914062 0.289550781
0.232421875 0.300781250
0.244140625 0.281738281
0.255859375 0.303710938
0.271972656 0.286132812
0.281250000 0.308593750
0.297851562 0.291992188
0.318847656 0.298828125
0.340820312 0.294433594
0.358886719 0.306152344
0.362304688 0.284179688
0.386718750 0.297851562
0.405761719 0.282226562
0.406738281 0.307617188
0.426269531 0.295898438
0.449218750 0.290527344
0.462402344 0.311035156
0.469726562 0.288085938
0.485351562 0.302246094
0.507324219 0.297363281
0.527832031 0.287597656
0.541015625 0.305664062
0.560058594 0.293945312
0.571777344 0.310546875
0.581542969 0.283691406
0.595703125 0.301757812
0.614746094 0.292480469
0.639160156 0.299316406
0.651855469 0.281250000
0.662597656 0.307128906
0.673828125 0.290039062
0.692382812 0.296386719
0.711425781 0.304199219
0.727050781 0.286621094
0.749511719 0.309082031
0.752929688 0.285644531
0.772460938 0.300292969
0.795410156 0.293457031
0.811523438 0.311523438
0.820312500 0.289062500
0.839843750 0.301269531
0.849609375 0.282714844
0.860839844 0.305175781
0.882812500 0.295410156
0.903808594 0.298339844
0.919921875 0.284667969
0.924804688 0.308105469
0.940917969 0.291503906
0.966308594 0.303222656
0.983398438 0.288574219
0.997558594 0.309570312
0.005371094 0.333007812
0.020996094 0.319824219
0.043457031 0.326171875
0.058593750 0.341796875
0.063964844 0.315917969
0.079101562 0.335937500
0.098632812 0.331054688
0.116699219 0.320312500
0.137695312 0.322265625
0.152343750 0.337890625
0.156738281 0.312988281
0.174804688 0.334472656
0.196777344 0.329101562
0.218261719 0.317871094
0.218750000 0.340332031
0.240234375 0.324707031
0.250000000 0.342773438
0.267089844 0.327148438
0.292968750 0.330078125
0.305175781 0.313964844
0.313476562 0.338867188
0.329589844 0.318847656
0.349609375 0.323730469
0.366699219 0.335449219
0.378417969 0.316894531
0.396484375 0.332031250
0.419433594 0.325195312
0.433593750 0.341308594
0.439941406 0.314941406
0.454101562 0.336914062
0.474121094 0.328613281
0.497558594 0.321289062
0.512207031 0.338378906
0.520996094 0.316406250
0.535156250 0.333984375
0.553710938 0.321777344
0.565429688 0.340820312
0.583496094 0.325683594
0.605468750 0.328125000
0.622070312 0.314453125
0.627929688 0.336425781
0.645996094 0.323242188
0.668945312 0.330566406
0.687011719 0.318359375
0.688964844 0.342285156
0.708984375 0.327636719
0.730957031 0.312500000
0.735351562 0.333496094
0.756347656 0.339843750
0.768066406 0.322753906
0.791015625 0.315429688
0.797363281 0.334960938
0.819824219 0.337402344
0.832031250 0.319335938
0.847167969 0.331542969
0.866699219 0.326660156
0.886718750 0.317382812
0.891113281 0.339355469
0.907714844 0.324218750
0.932617188 0.329589844
0.947753906 0.313476562
0.960937500 0.332519531
0.979492188 0.320800781
0.987304688 0.343261719
0.011230469 0.353027344
0.024902344 0.373535156
0.031738281 0.346679688
0.047851562 0.363281250
0.070312500 0.362304688
0.089355469 0.358398438
0.107910156 0.349121094
0.121582031 0.369628906
0.128906250 0.344726562
0.144531250 0.360351562
0.166992188 0.354492188
0.183105469 0.371582031
0.193359375 0.350585938
0.208007812 0.366210938
0.229492188 0.356445312
0.247070312 0.367675781
0.265136719 0.357421875
0.280761719 0.374511719
0.285156250 0.349609375
0.303710938 0.359375000
0.327148438 0.364257812
0.335937500 0.343750000
0.354492188 0.354003906
0.374511719 0.370605469
0.383300781 0.351562500
0.399902344 0.368652344
0.410156250 0.347656250
0.422851562 0.365722656
0.445800781 0.361328125
0.468261719 0.355468750
0.480468750 0.372070312
0.490234375 0.345703125
0.501464844 0.363769531
0.523437500 0.357910156
0.545410156 0.351074219
0.558105469 0.373046875
0.575195312 0.359863281
0.591308594 0.345214844
0.600585938 0.368164062
0.612792969 0.352539062
0.636230469 0.356933594
0.655273438 0.372558594
0.656250000 0.347167969
0.676269531 0.361816406
0.700195312 0.365234375
0.716796875 0.348632812
0.725097656 0.370117188
0.742187500 0.354980469
0.762207031 0.364746094
0.778320312 0.346191406
0.784667969 0.367187500
0.807128906 0.355957031
0.826171875 0.371093750
0.837890625 0.352050781
0.857421875 0.360839844
0.874023438 0.350097656
0.880371094 0.374023438
0.899902344 0.358886719
0.916503906 0.344238281
0.926757812 0.362792969
0.943847656 0.348144531
0.953125000 0.369140625
0.969238281 0.353515625
0.995605469 0.366699219
0.009277344 0.387207031
0.026855469 0.404785156
0.041992188 0.391601562
0.061035156 0.381347656
0.067871094 0.401855469
0.083496094 0.384277344
0.102050781 0.377441406
0.117675781 0.396484375
0.138671875 0.385253906
0.150878906 0.403320312
0.160156250 0.376464844
0.172851562 0.395019531
0.197753906 0.388671875
0.216308594 0.398925781
0.225585938 0.379882812
0.243652344 0.392578125
0.263183594 0.383300781
0.276367188 0.402343750
0.294921875 0.395507812
0.308105469 0.378906250
0.317382812 0.399414062
0.334472656 0.388183594
0.351562500 0.375488281
0.364257812 0.393554688
0.389648438 0.389648438
0.402832031 0.405761719
0.417480469 0.390625000
0.436523438 0.382324219
0.447753906 0.400390625
0.459472656 0.378417969
0.477050781 0.397460938
0.495605469 0.385742188
0.502929688 0.405273438
0.518066406 0.384765625
0.537109375 0.375000000
0.547851562 0.393066406
0.569335938 0.400878906
0.579589844 0.381835938
0.602050781 0.390136719
0.620605469 0.396972656
0.626464844 0.376953125
0.648437500 0.391113281
0.670898438 0.398437500
0.684570312 0.382812500
0.693847656 0.403808594
0.708496094 0.386718750
0.729003906 0.394531250
0.747070312 0.379394531
0.750976562 0.401367188
0.774414062 0.386230469
0.794433594 0.397949219
0.804199219 0.377929688
0.822265625 0.394042969
0.843261719 0.380859375
0.844726562 0.404296875
0.862792969 0.387695312
0.885253906 0.395996094
0.904785156 0.380371094
0.914550781 0.399902344
0.930664062 0.383789062
0.938964844 0.402832031
0.956054688 0.389160156
0.975585938 0.375976562
0.988281250 0.392089844
0.002441406 0.410644531
0.017089844 0.426269531
0.037109375 0.432128906
0.050781250 0.415039062
0.075195312 0.423828125
0.092773438 0.406250000
0.094238281 0.435546875
0.110839844 0.420410156
0.131835938 0.416015625
0.147949219 0.431152344
0.167968750 0.421875000
0.187011719 0.408691406
0.192382812 0.429199219
0.209960938 0.417968750
0.227539062 0.433593750
0.234863281 0.412597656
0.255371094 0.411621094
0.270019531 0.424804688
0.287597656 0.434570312
0.299804688 0.416992188
0.323730469 0.418945312
0.343261719 0.429687500
0.348144531 0.407714844
0.367187500 0.428222656
0.376464844 0.409179688
0.391601562 0.426757812
0.409667969 0.432617188
0.424804688 0.414550781
0.444335938 0.423339844
0.465820312 0.413574219
0.471191406 0.436523438
0.488769531 0.421386719
0.514160156 0.424316406
0.529785156 0.406738281
0.540039062 0.430175781
0.554687500 0.416503906
0.577148438 0.425781250
0.591796875 0.410156250
0.598632812 0.436035156
0.610839844 0.419921875
0.634277344 0.412109375
0.641601562 0.431640625
0.658203125 0.415527344
0.678710938 0.422851562
0.701171875 0.427734375
0.716308594 0.409667969
0.720703125 0.434082031
0.737792969 0.418457031
0.763671875 0.428710938
0.770019531 0.408203125
0.788574219 0.419433594
0.810058594 0.435058594
0.812988281 0.414062500
0.833984375 0.422363281
0.854492188 0.430664062
0.867675781 0.411132812
0.881347656 0.427246094
0.897949219 0.413085938
0.909179688 0.433105469
0.927734375 0.420898438
0.952636719 0.425292969
0.964355469 0.407226562
0.981933594 0.417480469
0.999511719 0.437011719
0.006347656 0.464843750
0.021972656 0.450195312
0.044921875 0.458007812
0.056640625 0.439453125
0.073242188 0.447753906
0.086425781 0.463867188
0.106445312 0.454101562
0.124023438 0.441406250
0.125488281 0.466796875
0.143554688 0.452148438
0.165039062 0.459472656
0.176269531 0.443359375
0.190429688 0.462402344
0.206542969 0.445800781
0.230468750 0.455566406
0.249023438 0.437988281
0.252441406 0.462890625
0.268554688 0.448730469
0.291992188 0.456054688
0.310058594 0.438476562
0.315917969 0.459960938
0.331542969 0.444824219
0.343750000 0.467773438
0.359375000 0.451660156
0.380371094 0.449218750
0.400878906 0.453613281
0.420410156 0.461425781
0.429199219 0.440917969
0.451660156 0.446289062
0.463378906 0.466308594
0.482421875 0.457031250
0.499511719 0.442871094
0.504394531 0.465820312
0.522460938 0.444335938
0.542968750 0.452636719
0.562011719 0.460449219
0.563964844 0.439941406
0.584960938 0.454589844
0.608398438 0.460937500
0.623535156 0.445312500
0.631835938 0.468261719
0.647949219 0.450683594
0.666015625 0.438964844
0.672851562 0.458496094
0.690917969 0.447265625
0.703613281 0.463378906
0.723144531 0.456542969
0.740722656 0.442382812
0.759277344 0.451171875
0.779785156 0.458984375
0.789062500 0.440429688
0.800292969 0.461914062
0.824218750 0.465332031
0.829101562 0.443847656
0.848632812 0.453125000
0.871093750 0.446777344
0.877929688 0.467285156
0.894042969 0.448242188
0.918945312 0.455078125
0.936523438 0.441894531
0.942871094 0.464355469
0.959472656 0.449707031
0.976562500 0.437500000
0.985351562 0.457519531
0.013671875 0.490234375
0.027832031 0.474121094
0.033691406 0.499023438
0.048828125 0.482910156
0.064941406 0.471191406
0.080566406 0.487792969
0.101074219 0.477050781
0.114746094 0.493164062
0.134765625 0.485351562
0.154296875 0.475585938
0.158691406 0.497070312
0.179687500 0.480957031
0.201660156 0.489257812
0.213378906 0.469726562
0.222167969 0.494628906
0.238281250 0.479003906
0.259765625 0.486328125
0.277832031 0.472656250
0.283691406 0.495117188
0.301757812 0.477539062
0.324707031 0.481933594
0.337890625 0.498046875
0.356933594 0.488281250
0.371582031 0.471679688
0.385253906 0.492675781
0.394531250 0.474609375
0.412597656 0.483886719
0.433105469 0.491699219
0.438964844 0.468750000
0.456054688 0.484863281
0.475097656 0.496582031
0.487304688 0.479492188
0.509277344 0.489746094
0.525878906 0.470703125
0.534667969 0.492187500
0.551757812 0.478515625
0.573242188 0.483398438
0.589355469 0.499511719
0.594238281 0.476074219
0.616699219 0.484375000
0.637207031 0.496093750
0.652832031 0.473144531
0.661621094 0.490722656
0.681152344 0.476562500
0.696289062 0.494140625
0.713378906 0.481445312
0.732421875 0.487304688
0.744140625 0.469238281
0.754882812 0.493652344
0.766601562 0.475097656
0.782714844 0.485839844
0.805664062 0.482421875
0.816894531 0.498535156
0.835937500 0.479980469
0.856445312 0.472167969
0.864746094 0.491210938
0.889160156 0.488769531
0.901367188 0.470214844
0.911132812 0.497558594
0.923339844 0.478027344
0.946777344 0.486816406
0.967285156 0.473632812
0.972167969 0.495605469
0.992187500 0.480468750
0.000976562 0.525878906
0.020019531 0.515136719
0.046386719 0.518066406
0.060058594 0.500976562
0.076660156 0.510253906
0.090332031 0.527832031
0.099609375 0.506347656
0.118164062 0.521484375
0.135253906 0.507812500
0.142578125 0.529296875
0.161132812 0.517089844
0.182617188 0.502441406
0.187500000 0.523925781
0.211425781 0.513183594
0.231933594 0.520996094
0.246582031 0.504394531
0.254882812 0.526855469
0.271484375 0.511230469
0.296386719 0.520019531
0.307128906 0.500488281
0.324218750 0.514160156
0.338378906 0.530761719
0.351074219 0.515625000
0.372070312 0.506835938
0.387207031 0.522460938
0.403808594 0.503417969
0.409179688 0.528808594
0.425292969 0.512207031
0.444824219 0.524902344
0.453125000 0.505371094
0.471679688 0.519042969
0.494628906 0.509277344
0.512695312 0.525390625
0.521484375 0.508300781
0.542480469 0.517578125
0.557617188 0.501464844
0.573730469 0.513671875
0.587890625 0.529785156
0.606445312 0.522949219
0.610351562 0.503906250
0.629394531 0.516601562
0.654296875 0.512695312
0.667480469 0.528320312
0.677734375 0.502929688
0.691406250 0.520507812
0.710449219 0.507324219
0.722656250 0.524414062
0.738281250 0.509765625
0.752441406 0.526367188
0.770507812 0.510742188
0.792968750 0.505859375
0.805175781 0.521972656
0.827148438 0.518554688
0.841308594 0.500000000
0.853515625 0.514648438
0.874511719 0.530273438
0.875976562 0.508789062
0.895507812 0.516113281
0.918457031 0.523437500
0.934082031 0.504882812
0.943359375 0.527343750
0.958007812 0.511718750
0.981445312 0.519531250
0.996093750 0.501953125
0.011718750 0.543457031
0.030761719 0.557128906
0.035644531 0.536132812
0.053222656 0.551757812
0.065429688 0.532714844
0.084960938 0.548339844
0.106933594 0.541992188
0.113281250 0.562011719
0.129394531 0.545898438
0.152832031 0.549804688
0.171386719 0.537597656
0.177734375 0.560058594
0.197265625 0.555175781
0.204101562 0.534667969
0.225097656 0.540527344
0.240722656 0.553222656
0.260253906 0.547363281
0.279296875 0.535156250
0.283203125 0.557617188
0.300781250 0.543945312
0.319335938 0.539062500
0.334960938 0.559082031
0.353027344 0.551269531
0.364746094 0.531250000
0.375000000 0.549316406
0.396972656 0.544921875
0.419921875 0.556152344
0.431640625 0.538574219
0.451171875 0.554199219
0.466308594 0.541015625
0.479003906 0.561035156
0.489257812 0.533691406
0.506835938 0.545410156
0.527343750 0.559570312
0.531738281 0.537109375
0.553222656 0.547851562
0.564453125 0.532226562
0.578125000 0.555664062
0.597167969 0.550781250
0.621093750 0.540039062
0.638671875 0.556640625
0.644531250 0.533203125
0.661132812 0.550292969
0.682617188 0.544433594
0.701660156 0.536621094
0.714843750 0.553710938
0.733886719 0.541503906
0.743652344 0.560546875
0.761230469 0.546875000
0.778808594 0.531738281
0.784179688 0.558593750
0.798339844 0.542968750
0.817382812 0.552246094
0.830566406 0.539550781
0.850585938 0.535644531
0.861328125 0.554687500
0.883789062 0.552734375
0.900390625 0.538085938
0.910156250 0.558105469
0.926269531 0.542480469
0.950195312 0.546386719
0.966796875 0.561523438
0.968750000 0.534179688
0.985839844 0.548828125
0.006835938 0.588867188
0.015625000 0.568359375
0.033203125 0.581054688
0.056152344 0.577148438
0.072265625 0.564941406
0.080078125 0.590332031
0.093750000 0.571289062
0.122070312 0.582031250
0.138183594 0.567871094
0.149414062 0.592773438
0.157714844 0.573242188
0.174316406 0.584472656
0.199707031 0.578613281
0.217773438 0.562500000
0.219238281 0.586914062
0.237792969 0.574707031
0.262695312 0.569824219
0.273437500 0.592285156
0.290039062 0.576660156
0.311035156 0.583496094
0.314453125 0.563476562
0.330078125 0.588378906
0.347167969 0.580078125
0.367675781 0.570800781
0.382812500 0.585449219
0.392089844 0.565429688
0.411621094 0.575683594
0.427734375 0.590820312
0.438476562 0.572265625
0.458984375 0.579101562
0.476074219 0.585937500
0.498535156 0.566406250
0.500488281 0.591796875
0.517089844 0.577636719
0.537597656 0.584960938
0.548339844 0.567382812
0.567871094 0.573730469
0.583007812 0.587890625
0.600097656 0.578125000
0.617187500 0.562988281
0.625000000 0.583007812
0.648925781 0.575195312
0.671386719 0.569335938
0.685546875 0.589843750
0.695800781 0.565917969
0.711914062 0.586425781
0.726562500 0.571777344
0.747558594 0.581542969
0.764648438 0.568847656
0.773437500 0.591308594
0.789550781 0.579589844
0.810546875 0.570312500
0.823242188 0.587402344
0.838378906 0.563964844
0.845703125 0.583984375
0.865722656 0.574218750
0.879882812 0.589355469
0.893554688 0.572753906
0.916992188 0.582519531
0.931152344 0.564453125
0.948730469 0.576171875
0.963867188 0.593261719
0.979003906 0.580566406
0.995117188 0.566894531
0.007812500 0.614746094
0.026367188 0.603027344
0.039062500 0.623046875
0.048339844 0.599121094
0.067382812 0.607421875
0.088378906 0.617187500
0.101562500 0.593750000
0.110351562 0.612792969
0.128417969 0.601074219
0.145019531 0.616699219
0.166503906 0.606445312
0.186523438 0.619140625
0.191406250 0.597167969
0.208496094 0.610351562
0.229980469 0.604003906
0.245117188 0.621093750
0.250488281 0.594726562
0.266113281 0.615234375
0.288574219 0.618652344
0.298339844 0.602050781
0.320312500 0.611328125
0.342773438 0.605957031
0.356445312 0.622070312
0.362792969 0.597656250
0.379394531 0.613281250
0.399414062 0.596191406
0.415039062 0.608886719
0.435546875 0.620117188
0.446777344 0.599609375
0.463867188 0.609863281
0.480957031 0.624511719
0.485839844 0.604980469
0.507812500 0.617675781
0.524414062 0.603515625
0.544921875 0.612304688
0.558593750 0.595703125
0.576171875 0.608398438
0.592773438 0.622558594
0.602539062 0.600097656
0.616210938 0.613769531
0.634765625 0.601562500
0.642089844 0.619628906
0.656738281 0.595214844
0.672363281 0.609375000
0.688476562 0.623535156
0.703125000 0.605468750
0.721191406 0.616210938
0.734375000 0.598632812
0.755859375 0.604492188
0.768554688 0.621582031
0.786621094 0.610839844
0.802246094 0.596679688
0.813476562 0.615722656
0.835449219 0.606933594
0.858886719 0.600585938
0.867187500 0.620605469
0.887207031 0.611816406
0.902832031 0.598144531
0.907226562 0.624023438
0.922851562 0.607910156
0.938476562 0.594238281
0.953613281 0.614257812
0.974121094 0.618164062
0.988769531 0.602539062
0.002929688 0.653320312
0.018066406 0.633789062
0.041015625 0.645996094
0.058105469 0.626464844
0.063476562 0.649414062
0.082031250 0.637207031
0.104492188 0.641601562
0.123535156 0.629394531
0.125976562 0.651367188
0.146484375 0.639160156
0.165527344 0.630859375
0.181152344 0.644042969
0.202148438 0.635253906
0.212890625 0.655273438
0.223144531 0.628417969
0.234375000 0.647949219
0.253417969 0.640625000
0.276855469 0.636230469
0.294433594 0.652343750
0.306152344 0.631835938
0.323242188 0.650390625
0.332031250 0.627441406
0.344238281 0.644531250
0.369628906 0.638183594
0.389160156 0.646484375
0.395996094 0.625488281
0.416015625 0.633300781
0.425781250 0.654296875
0.441894531 0.642578125
0.457519531 0.629882812
0.468750000 0.648925781
0.491699219 0.639648438
0.514648438 0.637695312
0.525390625 0.655761719
0.535644531 0.631347656
0.550292969 0.646972656
0.562988281 0.627929688
0.581054688 0.641113281
0.604003906 0.648437500
0.620117188 0.632812500
0.626953125 0.653808594
0.646484375 0.640136719
0.663085938 0.628906250
0.675781250 0.645019531
0.693359375 0.651855469
0.708007812 0.634765625
0.729980469 0.643066406
0.741210938 0.625000000
0.757812500 0.638671875
0.775878906 0.647460938
0.792480469 0.632324219
0.806640625 0.652832031
0.819335938 0.634277344
0.833496094 0.649902344
0.843750000 0.626953125
0.859863281 0.642089844
0.885742188 0.635742188
0.898925781 0.654785156
0.915527344 0.643554688
0.933105469 0.625976562
0.940429688 0.645507812
0.961425781 0.636718750
0.978027344 0.650878906
0.990722656 0.630371094
0.010742188 0.682617188
0.023437500 0.658203125
0.032226562 0.678222656
0.050292969 0.669921875
0.074707031 0.666503906
0.092285156 0.685546875
0.096191406 0.661132812
0.115234375 0.672851562
0.139160156 0.668945312
0.154785156 0.684570312
0.159667969 0.657714844
0.175781250 0.676269531
0.190917969 0.662597656
0.205566406 0.681152344
0.227050781 0.674316406
0.248046875 0.665039062
0.263671875 0.679199219
0.269042969 0.656250000
0.286621094 0.670898438
0.304199219 0.687011719
0.312500000 0.667480469
0.336425781 0.671875000
0.358398438 0.660156250
0.360839844 0.681640625
0.381347656 0.668457031
0.404296875 0.680175781
0.406250000 0.659179688
0.429687500 0.677246094
0.448730469 0.664062500
0.466796875 0.675292969
0.483398438 0.663085938
0.493164062 0.683593750
0.503417969 0.662109375
0.519531250 0.680664062
0.543457031 0.667968750
0.561523438 0.678710938
0.571289062 0.659667969
0.585937500 0.685058594
0.593750000 0.665527344
0.614257812 0.673339844
0.636718750 0.676757812
0.651367188 0.660644531
0.669433594 0.666992188
0.683593750 0.686523438
0.699707031 0.674804688
0.713867188 0.656738281
0.726074219 0.671386719
0.745605469 0.683105469
0.750000000 0.658691406
0.766113281 0.672363281
0.787597656 0.664550781
0.803710938 0.679687500
0.825195312 0.669433594
0.842773438 0.686035156
0.852050781 0.663574219
0.869140625 0.677734375
0.876953125 0.657226562
0.890625000 0.684082031
0.908691406 0.673828125
0.928222656 0.666015625
0.945800781 0.682128906
0.955078125 0.661621094
0.971191406 0.675781250
0.992675781 0.670410156
0.004882812 0.705566406
0.027343750 0.700195312
0.044433594 0.713867188
0.052246094 0.694824219
0.070800781 0.687500000
0.078125000 0.708984375
0.108398438 0.697265625
0.120605469 0.717773438
0.131347656 0.691894531
0.141113281 0.711425781
0.162597656 0.703613281
0.185058594 0.695312500
0.195312500 0.716308594
0.210449219 0.701171875
0.232910156 0.708496094
0.242187500 0.689453125
0.259277344 0.702148438
0.278320312 0.713378906
0.281738281 0.690917969
0.300292969 0.706542969
0.317871094 0.716796875
0.328125000 0.693359375
0.347656250 0.698242188
0.366210938 0.707519531
0.384765625 0.692382812
0.394042969 0.711914062
0.413085938 0.699218750
0.435058594 0.704589844
0.449707031 0.688964844
0.460937500 0.710449219
0.476562500 0.696289062
0.487792969 0.715332031
0.505371094 0.698730469
0.529296875 0.706054688
0.540527344 0.689941406
0.552246094 0.712890625
0.568359375 0.699707031
0.590332031 0.709472656
0.607421875 0.694335938
0.612304688 0.717285156
0.631347656 0.695800781
0.652343750 0.710937500
0.658691406 0.687988281
0.674316406 0.708007812
0.697753906 0.704101562
0.717773438 0.691406250
0.718750000 0.714843750
0.737304688 0.702636719
0.761718750 0.703125000
0.780273438 0.688476562
0.781738281 0.712402344
0.799804688 0.701660156
0.820800781 0.693847656
0.836425781 0.709960938
0.855468750 0.718261719
0.863281250 0.696777344
0.881835938 0.707031250
0.904296875 0.700683594
0.920410156 0.715820312
0.925292969 0.690429688
0.942382812 0.705078125
0.964843750 0.697753906
0.982910156 0.714355469
0.986816406 0.692871094
0.014160156 0.745605469
0.021484375 0.722656250
0.037597656 0.735839844
0.062011719 0.726562500
0.069335938 0.748535156
0.085937500 0.732910156
0.099121094 0.718750000
0.111328125 0.739746094
0.133300781 0.741210938
0.151367188 0.729492188
0.169433594 0.743652344
0.173339844 0.721191406
0.193847656 0.737792969
0.215820312 0.725097656
0.220703125 0.747558594
0.238769531 0.731933594
0.256347656 0.723632812
0.270507812 0.738769531
0.292480469 0.728515625
0.309570312 0.744140625
0.327636719 0.736816406
0.341308594 0.719726562
0.354980469 0.733886719
0.373046875 0.749511719
0.376953125 0.727539062
0.400390625 0.734375000
0.418945312 0.722167969
0.421875000 0.746093750
0.440917969 0.726074219
0.455078125 0.742675781
0.472656250 0.730468750
0.497070312 0.740722656
0.509765625 0.720703125
0.518554688 0.743164062
0.533203125 0.727050781
0.555175781 0.735351562
0.574707031 0.725585938
0.584472656 0.747070312
0.599121094 0.733398438
0.623046875 0.741699219
0.633789062 0.719238281
0.644042969 0.739257812
0.664550781 0.731445312
0.680664062 0.744628906
0.689941406 0.724121094
0.705566406 0.737304688
0.731933594 0.729980469
0.749023438 0.749023438
0.753906250 0.724609375
0.772949219 0.734863281
0.794921875 0.732421875
0.809570312 0.748046875
0.815917969 0.720214844
0.828613281 0.738281250
0.849121094 0.742187500
0.872558594 0.728027344
0.888671875 0.745117188
0.897460938 0.723144531
0.912109375 0.740234375
0.936035156 0.729003906
0.951171875 0.746582031
0.958984375 0.721679688
0.974609375 0.736328125
0.998535156 0.730957031
0.004394531 0.767578125
0.029296875 0.762207031
0.045410156 0.779296875
0.049316406 0.752929688
0.066894531 0.770507812
0.091308594 0.754882812
0.097167969 0.774414062
0.116210938 0.760742188
0.135742188 0.772460938
0.150390625 0.756835938
0.160644531 0.777343750
0.177246094 0.763671875
0.201171875 0.759277344
0.215332031 0.776367188
0.233398438 0.766113281
0.249511719 0.750976562
0.256835938 0.773925781
0.272949219 0.763183594
0.289550781 0.750000000
0.299316406 0.768554688
0.325195312 0.759765625
0.338867188 0.778320312
0.346191406 0.755859375
0.365234375 0.771484375
0.388183594 0.775878906
0.393066406 0.754394531
0.412109375 0.767089844
0.437011719 0.758300781
0.437988281 0.780273438
0.461914062 0.765136719
0.479492188 0.751953125
0.492675781 0.770019531
0.513671875 0.762695312
0.526367188 0.777832031
0.538085938 0.753417969
0.551269531 0.772949219
0.563476562 0.755371094
0.582031250 0.769042969
0.605957031 0.757812500
0.618164062 0.774902344
0.635742188 0.765625000
0.655761719 0.757324219
0.667968750 0.776855469
0.682128906 0.764648438
0.702636719 0.761230469
0.717285156 0.779785156
0.723632812 0.750488281
0.736328125 0.769531250
0.759765625 0.771972656
0.774902344 0.756347656
0.782226562 0.780761719
0.796875000 0.764160156
0.821289062 0.766601562
0.840332031 0.760253906
0.854980469 0.775390625
0.866210938 0.751464844
0.878906250 0.768066406
0.903320312 0.761718750
0.921386719 0.773437500
0.929199219 0.752441406
0.947265625 0.770996094
0.968261719 0.758789062
0.973144531 0.778808594
0.989746094 0.753906250
0.012695312 0.800781250
0.022949219 0.782714844
0.034667969 0.805175781
0.057128906 0.796386719
0.077636719 0.789062500
0.083007812 0.809082031
0.102539062 0.797363281
0.121093750 0.786132812
0.125000000 0.808105469
0.145996094 0.793945312
0.168457031 0.799804688
0.186035156 0.783203125
0.189453125 0.810546875
0.203613281 0.792480469
0.221679688 0.804199219
0.239257812 0.788574219
0.261718750 0.795410156
0.280273438 0.807128906
0.284179688 0.785156250
0.304687500 0.798339844
0.316894531 0.781250000
0.329101562 0.802734375
0.354003906 0.791503906
0.370117188 0.812011719
0.375976562 0.792968750
0.398437500 0.798828125
0.416992188 0.787109375
0.427246094 0.806152344
0.447265625 0.809570312
0.454589844 0.790527344
0.474609375 0.784179688
0.486816406 0.801757812
0.505859375 0.788085938
0.522949219 0.803710938
0.544433594 0.793457031
0.559570312 0.811035156
0.570312500 0.789550781
0.588867188 0.800292969
0.598144531 0.782226562
0.609375000 0.807617188
0.625976562 0.797851562
0.643066406 0.784667969
0.660644531 0.795898438
0.675292969 0.808593750
0.690429688 0.786621094
0.706542969 0.802246094
0.727539062 0.804687500
0.744628906 0.791015625
0.751464844 0.811523438
0.767089844 0.794921875
0.795898438 0.801269531
0.808593750 0.783691406
0.818359375 0.806640625
0.832519531 0.787597656
0.850097656 0.799316406
0.870117188 0.791992188
0.889648438 0.803222656
0.896484375 0.781738281
0.913574219 0.794433594
0.935058594 0.810058594
0.939453125 0.790039062
0.959960938 0.796875000
0.980957031 0.805664062
0.993652344 0.785644531
0.000000000 0.815917969
0.016601562 0.828125000
0.038085938 0.826171875
0.053710938 0.840820312
0.062500000 0.820312500
0.086914062 0.832519531
0.105957031 0.818847656
0.112304688 0.837890625
0.132324219 0.835937500
0.144042969 0.816894531
0.164550781 0.822265625
0.180175781 0.833984375
0.196289062 0.843261719
0.207031250 0.824218750
0.226074219 0.830078125
0.244628906 0.813964844
0.257812500 0.839843750
0.266601562 0.821777344
0.287109375 0.834960938
0.302246094 0.819335938
0.322265625 0.825195312
0.341796875 0.831542969
0.348632812 0.812988281
0.361816406 0.836914062
0.385742188 0.823730469
0.405273438 0.838867188
0.408203125 0.817382812
0.430664062 0.829589844
0.452636719 0.833496094
0.467773438 0.814453125
0.481933594 0.827636719
0.496582031 0.841796875
0.502441406 0.814941406
0.517578125 0.832031250
0.539550781 0.821289062
0.555664062 0.837402344
0.575683594 0.841308594
0.579101562 0.819824219
0.601562500 0.828613281
0.624023438 0.826660156
0.640136719 0.812500000
0.645507812 0.839355469
0.657226562 0.823242188
0.677246094 0.834472656
0.694335938 0.817871094
0.712890625 0.830566406
0.732910156 0.825683594
0.748535156 0.842285156
0.764160156 0.829101562
0.779296875 0.813476562
0.785644531 0.838378906
0.803222656 0.824707031
0.824707031 0.833007812
0.836914062 0.816406250
0.856933594 0.822753906
0.871582031 0.842773438
0.878417969 0.820800781
0.899414062 0.831054688
0.914062500 0.815429688
0.923828125 0.836425781
0.944335938 0.835449219
0.956542969 0.818359375
0.977050781 0.827148438
0.999023438 0.840332031
0.008789062 0.863281250
0.024414062 0.847167969
0.042480469 0.857910156
0.059082031 0.872558594
0.071289062 0.849609375
0.081542969 0.868164062
0.097656250 0.854492188
0.119140625 0.859863281
0.140136719 0.861328125
0.153808594 0.844238281
0.158203125 0.874511719
0.172363281 0.856933594
0.194335938 0.866699219
0.213867188 0.852539062
0.228027344 0.869628906
0.235839844 0.847656250
0.250976562 0.862792969
0.275878906 0.854003906
0.293457031 0.867187500
0.309082031 0.844726562
0.313964844 0.865722656
0.333984375 0.851074219
0.355468750 0.858886719
0.374023438 0.871093750
0.379882812 0.846191406
0.397949219 0.860351562
0.417968750 0.873046875
0.423828125 0.852050781
0.443847656 0.855468750
0.460449219 0.870117188
0.470703125 0.848632812
0.488281250 0.864257812
0.511230469 0.857421875
0.530273438 0.870605469
0.532714844 0.846679688
0.549316406 0.860839844
0.569824219 0.864746094
0.592285156 0.853515625
0.596191406 0.874023438
0.613281250 0.849121094
0.632324219 0.855957031
0.649414062 0.871582031
0.665527344 0.850585938
0.686523438 0.865234375
0.696777344 0.845214844
0.707519531 0.867675781
0.722167969 0.851562500
0.739257812 0.861816406
0.756835938 0.873535156
0.769531250 0.854980469
0.790039062 0.863769531
0.806152344 0.848144531
0.814941406 0.868652344
0.831054688 0.856445312
0.846679688 0.843750000
0.862304688 0.862304688
0.883300781 0.872070312
0.892578125 0.850097656
0.909667969 0.859375000
0.930175781 0.858398438
0.949218750 0.866210938
0.962890625 0.845703125
0.969726562 0.869140625
0.984863281 0.853027344
0.010253906 0.886230469
0.028320312 0.900878906
0.031250000 0.875488281
0.047363281 0.892089844
0.073730469 0.889160156
0.093261719 0.902832031
0.100585938 0.879882812
0.114257812 0.896972656
0.126953125 0.878417969
0.141601562 0.893066406
0.163574219 0.899414062
0.178710938 0.883789062
0.198242188 0.895507812
0.212402344 0.881347656
0.220214844 0.904296875
0.241699219 0.886718750
0.264648438 0.898437500
0.267578125 0.876464844
0.285644531 0.888183594
0.307617188 0.894531250
0.326171875 0.882812500
0.333007812 0.903320312
0.345214844 0.878906250
0.363769531 0.891113281
0.381835938 0.901855469
0.391113281 0.881835938
0.410644531 0.890136719
0.432617188 0.897460938
0.439453125 0.877441406
0.456542969 0.893554688
0.473632812 0.905273438
0.484375000 0.884765625
0.508789062 0.880371094
0.516113281 0.899902344
0.536132812 0.892578125
0.556640625 0.884277344
0.565917969 0.903808594
0.580566406 0.887207031
0.608886719 0.896484375
0.619140625 0.875000000
0.632812500 0.889648438
0.653808594 0.895019531
0.670410156 0.876953125
0.673339844 0.901367188
0.692871094 0.891601562
0.715820312 0.885253906
0.719726562 0.905761719
0.735839844 0.882324219
0.758789062 0.895996094
0.776855469 0.880859375
0.788085938 0.900390625
0.801269531 0.885742188
0.826660156 0.887695312
0.842285156 0.902343750
0.845214844 0.875976562
0.864257812 0.890625000
0.887695312 0.894042969
0.905761719 0.879394531
0.916015625 0.898925781
0.931640625 0.883300781
0.941406250 0.904785156
0.957031250 0.888671875
0.976074219 0.897949219
0.987792969 0.877929688
0.001953125 0.931152344
0.019042969 0.918945312
0.042968750 0.922851562
0.060546875 0.908691406
0.064453125 0.934082031
0.079589844 0.917480469
0.107421875 0.925781250
0.124511719 0.913085938
0.133789062 0.932128906
0.148437500 0.914550781
0.167480469 0.924804688
0.184082031 0.911132812
0.188476562 0.936035156
0.206054688 0.920898438
0.229003906 0.927734375
0.243164062 0.907714844
0.253906250 0.927246094
0.274414062 0.916503906
0.295410156 0.912109375
0.303222656 0.935058594
0.318359375 0.919921875
0.337402344 0.930175781
0.352050781 0.909667969
0.368652344 0.921875000
0.390136719 0.928710938
0.402343750 0.910156250
0.421386719 0.918457031
0.428710938 0.937011719
0.445312500 0.915527344
0.464843750 0.923828125
0.482910156 0.933105469
0.495117188 0.906250000
0.500976562 0.926757812
0.523925781 0.919433594
0.545898438 0.912597656
0.554199219 0.936523438
0.572753906 0.925292969
0.590820312 0.907226562
0.595214844 0.929687500
0.615722656 0.916015625
0.629882812 0.931640625
0.640625000 0.910644531
0.659179688 0.921386719
0.680175781 0.923339844
0.698730469 0.914062500
0.709472656 0.934570312
0.730468750 0.928222656
0.742675781 0.909179688
0.755371094 0.929199219
0.771484375 0.913574219
0.793945312 0.920410156
0.812011719 0.930664062
0.816406250 0.908203125
0.834472656 0.924316406
0.857910156 0.916992188
0.868652344 0.935546875
0.880859375 0.911621094
0.891601562 0.933593750
0.906250000 0.917968750
0.927246094 0.922363281
0.952148438 0.932617188
0.961914062 0.915039062
0.979980469 0.926269531
0.997070312 0.906738281
0.015136719 0.963867188
0.020507812 0.942382812
0.040527344 0.945312500
0.055175781 0.958007812
0.075683594 0.955566406
0.088867188 0.938964844
0.094726562 0.968261719
0.109375000 0.950195312
0.130371094 0.952148438
0.155761719 0.962402344
0.156250000 0.940429688
0.175292969 0.954589844
0.192871094 0.964843750
0.208984375 0.944824219
0.230957031 0.948242188
0.247558594 0.960449219
0.260742188 0.946289062
0.277343750 0.961425781
0.282226562 0.937500000
0.297363281 0.958984375
0.321289062 0.949707031
0.340332031 0.953613281
0.357910156 0.941894531
0.371093750 0.966308594
0.377929688 0.947265625
0.395019531 0.962890625
0.407226562 0.943359375
0.434082031 0.957519531
0.450683594 0.939453125
0.458496094 0.967285156
0.470214844 0.951660156
0.490722656 0.956542969
0.511718750 0.945800781
0.528320312 0.959472656
0.534179688 0.937988281
0.547363281 0.963378906
0.566406250 0.954101562
0.586914062 0.949218750
0.601074219 0.965820312
0.611328125 0.943847656
0.628417969 0.956054688
0.650390625 0.939941406
0.666503906 0.951171875
0.679199219 0.967773438
0.687500000 0.942871094
0.704589844 0.957031250
0.724609375 0.961914062
0.740234375 0.947753906
0.762695312 0.955078125
0.777832031 0.938476562
0.783691406 0.966796875
0.798828125 0.948730469
0.822753906 0.950683594
0.839355469 0.964355469
0.847656250 0.941406250
0.860351562 0.958496094
0.884765625 0.952636719
0.901855469 0.965332031
0.911621094 0.940917969
0.922363281 0.959960938
0.937500000 0.944335938
0.954589844 0.960937500
0.971679688 0.946777344
0.994628906 0.953125000
0.005859375 0.982421875
0.025390625 0.992187500
0.036132812 0.970703125
0.051269531 0.987304688
0.068847656 0.977050781
0.083984375 0.991210938
0.103515625 0.996582031
0.117187500 0.975585938
0.137207031 0.973144531
0.147460938 0.989746094
0.170410156 0.981445312
0.182128906 0.999511719
0.200195312 0.985351562
0.217285156 0.969238281
0.224121094 0.995117188
0.236816406 0.979003906
0.251953125 0.993164062
0.269531250 0.980468750
0.291503906 0.986328125
0.311523438 0.974121094
0.315429688 0.997558594
0.331054688 0.977539062
0.350097656 0.971679688
0.359863281 0.990234375
0.383789062 0.983398438
0.401367188 0.994628906
0.414550781 0.969726562
0.423339844 0.988769531
0.442871094 0.979492188
0.462890625 0.998535156
0.478027344 0.984375000
0.499023438 0.974609375
0.503906250 0.996093750
0.520507812 0.976074219
0.541503906 0.987792969
0.561035156 0.982910156
0.577636719 0.972167969
0.585449219 0.994140625
0.604492188 0.989257812
0.622558594 0.976562500
0.637695312 0.990722656
0.647460938 0.968750000
0.662109375 0.980957031
0.685058594 0.992675781
0.700683594 0.978515625
0.710937500 0.998046875
0.728515625 0.984863281
0.746582031 0.972656250
0.753417969 0.997070312
0.767578125 0.979980469
0.791503906 0.988281250
0.808105469 0.970214844
0.812500000 0.993652344
0.829589844 0.981933594
0.852539062 0.985839844
0.873535156 0.975097656
0.875488281 0.999023438
0.895019531 0.983886719
0.919433594 0.986816406
0.937011719 0.973632812
0.946289062 0.991699219
0.965820312 0.978027344
0.983886719 0.971191406
0.991699219 0.995605469
