4096
0.010742188 0.013916016
0.021240234 0.002441406
0.036132812 0.010498047
0.052246094 0.006103516
0.069824219 0.000488281
0.092041016 0.013183594
0.105224609 0.005371094
0.122070312 0.009521484
0.136962891 0.004150391
0.155517578 0.008300781
0.171386719 0.012451172
0.181396484 0.001464844
0.195800781 0.007080078
0.208251953 0.014892578
0.224853516 0.003173828
0.247070312 0.011474609
0.263427734 0.007812500
0.280517578 0.000000000
0.294921875 0.012695312
0.310302734 0.007568359
0.327880859 0.010009766
0.342773438 0.004882812
0.357666016 0.015380859
0.362548828 0.001953125
0.376953125 0.010742188
0.396240234 0.003662109
0.410156250 0.011718750
0.425781250 0.004638672
0.447021484 0.009033203
0.462646484 0.006347656
0.478027344 0.000976562
0.490478516 0.014404297
0.509521484 0.000244141
0.520019531 0.013671875
0.535888672 0.010253906
0.552001953 0.005859375
0.571044922 0.005126953
0.590820312 0.012939453
0.605224609 0.008544922
0.622802734 0.002197266
0.639648438 0.007324219
0.655273438 0.011230469
0.667480469 0.002929688
0.687011719 0.012207031
0.701416016 0.008789062
0.718261719 0.001220703
0.724609375 0.015136719
0.747314453 0.003906250
0.762695312 0.006591797
0.777099609 0.014648438
0.787597656 0.003417969
0.802490234 0.010986328
0.814941406 0.001708984
0.836669922 0.008056641
0.851806641 0.005615234
0.864746094 0.013427734
0.880615234 0.014160156
0.892333984 0.004394531
0.908935547 0.000732422
0.924560547 0.009277344
0.938720703 0.002685547
0.961669922 0.011962891
0.980224609 0.006835938
0.995605469 0.009765625
0.002685547 0.027343750
0.024658203 0.020507812
0.045166016 0.024169922
0.059814453 0.018798828
0.075195312 0.015625000
0.084960938 0.026611328
0.099365234 0.030761719
0.110839844 0.021728516
0.128417969 0.026123047
0.142578125 0.018066406
0.156982422 0.023193359
0.172119141 0.028320312
0.188476562 0.020263672
0.217529297 0.025146484
0.230957031 0.016601562
0.239013672 0.029296875
0.254150391 0.029785156
0.265869141 0.021240234
0.281250000 0.016113281
0.302490234 0.025634766
0.317871094 0.022216797
0.330810547 0.029052734
0.343750000 0.019287109
0.371093750 0.024658203
0.389892578 0.019531250
0.403320312 0.027832031
0.419189453 0.023681641
0.433837891 0.017089844
0.444824219 0.027099609
0.460205078 0.022705078
0.475585938 0.017822266
0.495605469 0.030517578
0.505126953 0.016357422
0.528564453 0.025390625
0.546142578 0.022460938
0.561035156 0.031005859
0.563476562 0.017578125
0.578613281 0.023437500
0.594482422 0.028076172
0.612060547 0.020996094
0.626220703 0.017333984
0.645507812 0.024414062
0.661865234 0.028564453
0.673583984 0.019775391
0.693847656 0.026367188
0.709716797 0.021484375
0.732910156 0.030029297
0.740478516 0.018554688
0.755615234 0.019042969
0.770019531 0.027587891
0.792480469 0.022949219
0.810791016 0.024902344
0.825195312 0.015869141
0.829345703 0.030273438
0.845947266 0.020751953
0.871337891 0.026855469
0.887451172 0.028808594
0.899902344 0.018310547
0.914550781 0.020019531
0.929687500 0.025878906
0.945800781 0.016845703
0.958007812 0.029541016
0.972412109 0.021972656
0.987792969 0.023925781
0.006103516 0.042480469
0.019042969 0.035888672
0.034667969 0.033691406
0.056152344 0.043457031
0.065185547 0.032470703
0.080078125 0.039794922
0.093994141 0.045898438
0.116699219 0.037353516
0.132324219 0.044921875
0.144775391 0.034667969
0.163085938 0.040039062
0.184082031 0.036865234
0.200439453 0.031250000
0.210937500 0.041748047
0.227294922 0.038330078
0.245849609 0.044433594
0.260986328 0.046386719
0.272216797 0.035400391
0.287109375 0.031982422
0.297607422 0.041259766
0.314453125 0.037841797
0.335205078 0.043212891
0.349365234 0.033203125
0.366210938 0.039306641
0.385253906 0.034179688
0.398681641 0.043945312
0.414794922 0.040527344
0.430419922 0.036376953
0.451416016 0.041992188
0.466064453 0.038818359
0.480468750 0.032958984
0.499755859 0.045410156
0.512695312 0.032226562
0.526123047 0.040771484
0.540527344 0.036132812
0.549560547 0.045654297
0.567626953 0.043701172
0.583007812 0.038085938
0.607666016 0.034912109
0.620361328 0.041503906
0.631835938 0.031738281
0.650390625 0.039550781
0.668945312 0.044189453
0.680419922 0.035156250
0.691162109 0.046142578
0.704101562 0.037597656
0.718994141 0.033935547
0.742919922 0.042724609
0.753417969 0.033447266
0.766601562 0.042968750
0.783691406 0.035644531
0.799804688 0.039062500
0.817138672 0.041015625
0.842529297 0.037109375
0.857421875 0.031494141
0.862548828 0.045166016
0.878173828 0.042236328
0.897705078 0.038574219
0.913574219 0.034423828
0.936767578 0.046630859
0.941650391 0.032714844
0.953369141 0.044677734
0.974853516 0.036621094
0.989990234 0.040283203
0.013427734 0.058349609
0.027832031 0.051269531
0.042236328 0.046875000
0.047607422 0.061035156
0.072509766 0.052734375
0.088134766 0.059326172
0.107421875 0.049804688
0.120117188 0.055908203
0.133056641 0.062255859
0.149658203 0.049316406
0.164306641 0.056884766
0.177978516 0.051757812
0.194824219 0.048095703
0.206542969 0.060058594
0.219970703 0.055175781
0.235351562 0.053710938
0.251464844 0.061767578
0.277099609 0.050292969
0.291992188 0.056152344
0.306396484 0.053466797
0.322509766 0.052246094
0.337402344 0.059570312
0.352539062 0.048583984
0.367187500 0.057373047
0.380859375 0.049072266
0.392822266 0.060546875
0.408447266 0.057617188
0.423339844 0.054199219
0.438232422 0.050781250
0.453613281 0.058593750
0.471435547 0.054687500
0.486328125 0.047607422
0.503662109 0.061279297
0.515625000 0.050537109
0.533447266 0.054443359
0.557617188 0.057128906
0.574218750 0.059082031
0.586669922 0.052490234
0.600341797 0.047851562
0.616943359 0.055419922
0.635742188 0.047363281
0.642089844 0.060302734
0.656250000 0.052978516
0.679443359 0.056396484
0.697753906 0.062011719
0.711181641 0.051025391
0.726562500 0.048828125
0.738037109 0.057861328
0.758789062 0.055664062
0.781005859 0.050048828
0.793457031 0.060791016
0.805419922 0.053222656
0.821289062 0.058105469
0.833007812 0.048339844
0.849365234 0.052001953
0.870117188 0.058837891
0.886474609 0.054931641
0.904296875 0.051513672
0.921386719 0.047119141
0.927490234 0.061523438
0.949218750 0.059814453
0.967041016 0.049560547
0.981689453 0.053955078
0.998046875 0.056640625
0.003906250 0.071533203
0.029541016 0.066650391
0.044189453 0.074707031
0.062255859 0.062500000
0.062988281 0.076904297
0.079589844 0.070068359
0.101318359 0.065673828
0.118896484 0.072509766
0.139892578 0.077880859
0.147705078 0.063964844
0.158447266 0.073974609
0.174072266 0.069091797
0.189941406 0.064453125
0.203125000 0.075683594
0.222656250 0.070312500
0.237304688 0.068115234
0.257568359 0.077148438
0.268310547 0.063476562
0.283447266 0.069335938
0.299072266 0.072753906
0.313476562 0.066894531
0.328613281 0.070800781
0.351318359 0.064941406
0.364990234 0.075195312
0.379394531 0.067626953
0.397460938 0.074462891
0.413818359 0.071777344
0.435791016 0.065917969
0.450439453 0.073486328
0.464599609 0.068359375
0.482666016 0.076416016
0.488281250 0.062988281
0.500732422 0.075927734
0.519042969 0.067382812
0.542968750 0.066162109
0.560302734 0.071289062
0.577392578 0.073730469
0.592041016 0.069824219
0.605468750 0.063232422
0.609619141 0.077636719
0.627929688 0.066406250
0.648193359 0.074218750
0.662841797 0.064208984
0.677246094 0.072265625
0.691406250 0.076171875
0.716064453 0.065185547
0.731201172 0.070556641
0.749755859 0.068603516
0.764892578 0.077392578
0.771728516 0.062744141
0.782714844 0.072021484
0.808837891 0.069580078
0.822509766 0.074951172
0.835449219 0.065429688
0.851074219 0.067138672
0.865722656 0.072998047
0.880859375 0.073242188
0.894287109 0.067871094
0.911132812 0.064697266
0.921875000 0.075439453
0.940429688 0.071044922
0.964355469 0.063720703
0.969482422 0.076660156
0.985351562 0.068847656
0.008789062 0.091552734
0.017333984 0.078369141
0.031738281 0.083984375
0.050292969 0.088623047
0.076416016 0.087158203
0.091064453 0.082763672
0.105957031 0.080322266
0.114013672 0.093017578
0.128906250 0.085449219
0.151611328 0.090087891
0.168701172 0.086181641
0.185791016 0.079833984
0.198242188 0.091796875
0.215576172 0.083740234
0.229003906 0.089355469
0.242675781 0.081298828
0.264648438 0.093261719
0.274414062 0.080810547
0.290527344 0.086425781
0.311767578 0.082275391
0.324951172 0.088134766
0.340820312 0.079345703
0.353759766 0.084472656
0.370117188 0.090820312
0.383789062 0.083007812
0.401611328 0.087646484
0.417236328 0.090576172
0.427734375 0.078857422
0.442871094 0.084960938
0.458740234 0.092285156
0.468994141 0.081787109
0.493408203 0.089111328
0.515136719 0.085937500
0.530029297 0.078125000
0.531982422 0.092529297
0.547851562 0.082031250
0.565917969 0.085205078
0.581787109 0.090332031
0.596679688 0.087890625
0.624267578 0.081054688
0.638183594 0.084716797
0.653564453 0.091308594
0.664306641 0.080078125
0.684082031 0.089599609
0.700195312 0.093505859
0.705810547 0.079101562
0.720947266 0.083251953
0.735839844 0.086914062
0.750488281 0.083496094
0.777343750 0.087402344
0.796386719 0.078613281
0.797607422 0.092773438
0.812744141 0.088378906
0.838378906 0.081542969
0.853515625 0.084228516
0.868408203 0.089843750
0.883544922 0.088867188
0.902099609 0.080566406
0.916015625 0.091064453
0.933105469 0.085693359
0.947265625 0.092041016
0.955078125 0.079589844
0.977539062 0.086669922
0.993896484 0.082519531
0.000244141 0.108398438
0.022949219 0.097167969
0.037597656 0.100585938
0.054199219 0.104736328
0.066406250 0.095458984
0.086181641 0.102539062
0.101562500 0.099365234
0.124023438 0.105957031
0.136474609 0.098144531
0.153320312 0.106445312
0.166748047 0.101806641
0.182373047 0.095947266
0.191894531 0.108154297
0.210449219 0.099853516
0.234130859 0.103759766
0.249511719 0.093994141
0.252929688 0.108886719
0.279052734 0.098876953
0.293457031 0.105224609
0.303955078 0.094482422
0.319335938 0.103027344
0.339111328 0.096435547
0.355468750 0.100341797
0.373291016 0.105468750
0.387695312 0.097656250
0.404785156 0.102294922
0.421142578 0.107666016
0.432373047 0.096923828
0.447753906 0.101318359
0.467041016 0.106933594
0.478759766 0.094970703
0.497070312 0.104248047
0.510498047 0.097900391
0.523681641 0.106689453
0.541503906 0.104492188
0.553710938 0.096191406
0.569824219 0.101074219
0.585449219 0.107910156
0.599365234 0.103271484
0.613281250 0.094238281
0.629150391 0.098632812
0.644287109 0.103515625
0.670166016 0.094726562
0.674804688 0.109130859
0.689208984 0.106201172
0.714111328 0.097412109
0.729003906 0.102050781
0.744873047 0.100097656
0.761474609 0.095703125
0.773681641 0.108642578
0.785156250 0.099609375
0.807128906 0.104003906
0.826904297 0.093750000
0.831054688 0.107177734
0.844970703 0.099121094
0.859863281 0.102783203
0.875000000 0.105712891
0.896240234 0.095214844
0.906982422 0.104980469
0.929199219 0.100830078
0.944580078 0.107421875
0.959716797 0.098388672
0.973632812 0.101562500
0.990478516 0.096679688
0.014892578 0.109619141
0.026611328 0.121093750
0.040283203 0.116210938
0.057373047 0.119384766
0.072021484 0.111572266
0.082031250 0.123046875
0.095947266 0.117187500
0.112304688 0.113769531
0.126464844 0.122802734
0.140625000 0.114746094
0.161132812 0.120361328
0.176025391 0.112792969
0.202148438 0.115966797
0.214599609 0.124755859
0.220947266 0.110351562
0.240478516 0.118652344
0.257812500 0.123779297
0.269775391 0.111816406
0.285644531 0.118164062
0.307617188 0.113281250
0.320556641 0.121826172
0.333496094 0.110107422
0.346923828 0.119628906
0.360595703 0.115234375
0.375976562 0.120605469
0.390869141 0.112304688
0.407470703 0.116699219
0.425537109 0.122314453
0.439941406 0.114257812
0.456298828 0.117675781
0.473632812 0.124023438
0.484375000 0.111083984
0.507568359 0.114013672
0.522460938 0.122558594
0.537597656 0.119140625
0.556396484 0.112548828
0.572753906 0.116943359
0.588378906 0.124511719
0.603271484 0.118408203
0.617675781 0.110595703
0.633789062 0.114990234
0.648925781 0.120117188
0.659912109 0.109375000
0.681640625 0.123535156
0.696533203 0.121337891
0.707275391 0.111328125
0.722656250 0.117431641
0.739013672 0.115478516
0.756591797 0.110839844
0.768798828 0.124267578
0.790527344 0.113525391
0.803466797 0.119873047
0.818603516 0.113037109
0.841552734 0.118896484
0.856445312 0.116455078
0.874511719 0.122070312
0.889404297 0.109863281
0.903320312 0.121582031
0.918701172 0.114501953
0.934814453 0.117919922
0.951904297 0.120849609
0.966308594 0.115722656
0.983154297 0.112060547
0.996093750 0.123291016
0.010498047 0.125976562
0.020019531 0.138183594
0.035400391 0.135253906
0.049316406 0.131591797
0.068115234 0.130371094
0.093017578 0.133789062
0.108398438 0.128662109
0.119628906 0.139160156
0.134033203 0.136962891
0.148437500 0.129394531
0.170654297 0.133544922
0.185302734 0.125488281
0.199951172 0.132324219
0.218261719 0.139648438
0.229980469 0.127441406
0.246826172 0.136230469
0.261962891 0.140380859
0.271240234 0.129150391
0.284667969 0.134277344
0.299804688 0.126464844
0.312500000 0.135742188
0.332763672 0.127929688
0.345214844 0.137695312
0.361572266 0.131835938
0.380371094 0.135009766
0.393798828 0.127197266
0.412597656 0.131103516
0.429199219 0.138671875
0.442138672 0.129882812
0.459228516 0.133056641
0.483886719 0.137207031
0.492919922 0.125000000
0.508056641 0.129638672
0.520996094 0.139404297
0.536376953 0.135498047
0.550537109 0.127685547
0.565185547 0.130859375
0.579101562 0.137451172
0.606689453 0.133300781
0.621337891 0.126708984
0.637207031 0.132080078
0.652099609 0.134521484
0.665527344 0.125732422
0.677734375 0.138427734
0.694335938 0.136474609
0.710693359 0.128417969
0.731933594 0.130126953
0.748291016 0.140136719
0.751464844 0.125244141
0.775878906 0.138916016
0.786132812 0.128906250
0.801025391 0.135986328
0.815429688 0.132812500
0.830078125 0.126953125
0.844238281 0.136718750
0.861572266 0.131347656
0.888183594 0.126220703
0.895019531 0.139892578
0.910400391 0.134765625
0.925781250 0.130615234
0.939941406 0.134033203
0.963378906 0.132568359
0.979248047 0.128173828
0.994873047 0.137939453
0.007568359 0.146240234
0.025634766 0.152587891
0.041503906 0.149658203
0.059326172 0.143798828
0.070312500 0.155761719
0.078857422 0.141845703
0.097167969 0.146728516
0.111816406 0.151611328
0.127441406 0.154052734
0.143554688 0.148193359
0.157470703 0.141357422
0.173583984 0.150634766
0.187500000 0.142822266
0.204345703 0.148437500
0.218994141 0.155029297
0.234375000 0.144775391
0.250244141 0.153564453
0.278076172 0.147705078
0.295898438 0.144287109
0.309326172 0.151123047
0.326904297 0.142333984
0.340087891 0.154296875
0.354980469 0.150146484
0.369140625 0.145751953
0.386474609 0.149169922
0.400390625 0.140869141
0.416503906 0.146972656
0.434814453 0.153076172
0.449218750 0.145263672
0.461181641 0.155517578
0.470214844 0.143310547
0.489257812 0.152099609
0.501708984 0.144042969
0.526367188 0.153320312
0.542236328 0.149902344
0.556640625 0.145019531
0.571777344 0.151367188
0.593017578 0.141113281
0.595947266 0.154785156
0.611083984 0.147460938
0.626953125 0.143066406
0.646484375 0.150390625
0.663818359 0.146484375
0.685058594 0.152343750
0.702880859 0.148681641
0.717285156 0.141601562
0.723632812 0.156005859
0.734619141 0.145507812
0.761962891 0.142089844
0.772705078 0.155273438
0.789794922 0.147216797
0.809570312 0.148925781
0.827636719 0.143554688
0.840576172 0.153808594
0.854736328 0.145996094
0.867919922 0.151855469
0.877197266 0.140625000
0.901123047 0.154541016
0.916992188 0.147949219
0.932128906 0.149414062
0.950927734 0.142578125
0.960693359 0.152832031
0.975585938 0.144531250
0.988525391 0.150878906
0.001708984 0.160156250
0.016357422 0.164306641
0.032714844 0.167968750
0.052978516 0.159179688
0.063964844 0.170410156
0.083984375 0.157714844
0.098388672 0.162841797
0.114990234 0.166992188
0.131591797 0.170898438
0.145507812 0.163330078
0.160156250 0.156982422
0.178955078 0.165527344
0.192871094 0.158691406
0.209716797 0.166503906
0.232910156 0.161132812
0.244384766 0.169433594
0.259033203 0.169921875
0.268554688 0.158447266
0.286621094 0.162109375
0.302734375 0.164794922
0.323486328 0.157470703
0.336669922 0.168457031
0.358642578 0.166015625
0.374511719 0.160644531
0.389404297 0.167480469
0.402587891 0.156494141
0.418701172 0.161865234
0.433349609 0.168945312
0.448242188 0.163818359
0.467773438 0.171386719
0.477294922 0.159667969
0.498779297 0.165039062
0.511718750 0.156738281
0.518310547 0.170654297
0.534179688 0.165283203
0.552978516 0.161376953
0.567138672 0.166748047
0.582519531 0.162353516
0.601074219 0.168212891
0.618652344 0.159912109
0.633300781 0.157226562
0.640869141 0.169189453
0.658447266 0.160400391
0.674316406 0.164062500
0.698242188 0.163085938
0.712158203 0.167236328
0.729736328 0.171142578
0.741699219 0.158935547
0.757812500 0.159423828
0.780029297 0.168701172
0.793945312 0.160888672
0.808105469 0.164550781
0.823486328 0.157958984
0.833984375 0.170166016
0.855712891 0.162597656
0.872802734 0.166259766
0.885009766 0.156250000
0.892822266 0.169677734
0.919433594 0.163574219
0.935546875 0.167724609
0.946289062 0.158203125
0.954101562 0.171630859
0.971435547 0.161621094
0.986328125 0.165771484
0.014404297 0.179199219
0.028564453 0.183349609
0.046142578 0.173339844
0.057861328 0.186767578
0.074462891 0.180419922
0.087158203 0.174316406
0.104248047 0.177490234
0.121337891 0.183837891
0.138183594 0.186279297
0.152343750 0.177734375
0.165771484 0.172363281
0.182861328 0.180908203
0.196777344 0.174804688
0.212890625 0.182373047
0.225830078 0.176025391
0.239746094 0.185058594
0.255371094 0.184326172
0.273681641 0.175292969
0.289794922 0.178222656
0.304931641 0.181396484
0.318359375 0.171875000
0.331787109 0.181884766
0.350097656 0.177001953
0.363281250 0.187011719
0.375000000 0.176269531
0.397216797 0.184814453
0.406738281 0.172851562
0.422363281 0.179931641
0.438964844 0.182861328
0.455322266 0.178710938
0.474609375 0.185546875
0.485839844 0.173828125
0.504394531 0.178955078
0.531005859 0.183593750
0.545410156 0.175537109
0.561523438 0.180664062
0.576171875 0.182617188
0.589111328 0.176757812
0.604248047 0.186523438
0.614990234 0.173583984
0.629882812 0.179687500
0.654296875 0.174560547
0.668212891 0.178466797
0.681396484 0.185791016
0.687744141 0.172607422
0.703369141 0.181640625
0.719970703 0.184570312
0.745605469 0.175781250
0.753906250 0.186035156
0.765625000 0.173095703
0.784423828 0.183105469
0.799316406 0.177978516
0.817626953 0.176513672
0.838867188 0.185302734
0.848388672 0.174072266
0.863281250 0.181152344
0.879150391 0.179443359
0.905517578 0.187255859
0.907470703 0.172119141
0.923339844 0.180175781
0.942382812 0.184082031
0.968505859 0.177246094
0.983886719 0.182128906
0.999267578 0.175048828
0.003417969 0.191406250
0.018066406 0.197509766
0.042968750 0.188720703
0.048583984 0.202392578
0.068603516 0.199462891
0.081298828 0.193847656
0.094970703 0.189941406
0.110107422 0.195312500
0.125732422 0.200195312
0.154296875 0.194335938
0.167236328 0.188232422
0.179931641 0.196777344
0.197753906 0.190917969
0.211914062 0.198486328
0.227783203 0.193115234
0.243652344 0.201171875
0.260498047 0.196533203
0.276123047 0.190429688
0.294677734 0.194824219
0.311279297 0.202880859
0.316894531 0.189208984
0.329833984 0.197998047
0.345947266 0.192382812
0.372802734 0.199707031
0.383056641 0.187744141
0.391601562 0.201904297
0.411376953 0.191894531
0.427001953 0.196044922
0.452148438 0.193359375
0.465576172 0.198974609
0.481445312 0.200927734
0.491943359 0.189697266
0.506591797 0.199218750
0.517089844 0.188476562
0.539550781 0.195800781
0.554931641 0.192138672
0.575195312 0.198242188
0.590087891 0.193603516
0.601806641 0.202636719
0.619384766 0.191162109
0.634765625 0.200439453
0.643066406 0.187988281
0.657470703 0.192626953
0.671875000 0.197753906
0.692626953 0.195068359
0.708251953 0.196289062
0.734130859 0.189453125
0.743896484 0.201416016
0.759765625 0.200683594
0.770507812 0.188964844
0.788818359 0.197265625
0.806152344 0.191650391
0.824218750 0.190673828
0.837402344 0.201660156
0.852539062 0.194091797
0.869384766 0.195556641
0.884521484 0.199951172
0.891357422 0.187500000
0.915283203 0.197021484
0.930908203 0.192871094
0.943847656 0.202148438
0.957519531 0.190185547
0.976562500 0.194580078
0.992919922 0.198730469
0.008056641 0.210937500
0.031005859 0.203125000
0.038085938 0.215576172
0.061035156 0.210449219
0.077392578 0.216796875
0.088867188 0.208007812
0.102783203 0.206787109
0.117187500 0.213378906
0.139404297 0.204345703
0.146728516 0.218017578
0.159912109 0.207275391
0.175537109 0.211914062
0.193847656 0.205810547
0.207519531 0.214355469
0.223876953 0.209228516
0.236816406 0.216552734
0.251953125 0.215820312
0.266845703 0.209716797
0.282470703 0.205078125
0.298339844 0.211669922
0.325927734 0.213134766
0.342041016 0.208496094
0.357177734 0.204589844
0.365234375 0.218505859
0.378662109 0.213867188
0.405761719 0.206298828
0.420654297 0.210205078
0.436523438 0.217285156
0.440673828 0.203613281
0.454345703 0.212402344
0.472900391 0.215087891
0.496093750 0.207763672
0.514160156 0.214111328
0.524902344 0.203369141
0.532714844 0.216308594
0.546875000 0.208984375
0.562744141 0.205566406
0.583984375 0.211181641
0.598144531 0.217041016
0.615966797 0.207031250
0.630859375 0.215332031
0.649414062 0.206542969
0.666503906 0.212890625
0.682861328 0.208251953
0.699218750 0.212158203
0.713134766 0.210693359
0.726318359 0.204101562
0.736328125 0.217773438
0.752441406 0.216064453
0.775146484 0.204833984
0.791259766 0.212646484
0.804199219 0.207519531
0.820068359 0.206054688
0.832275391 0.218261719
0.846923828 0.213623047
0.860839844 0.209472656
0.876220703 0.211425781
0.898437500 0.205322266
0.909667969 0.214843750
0.925537109 0.208740234
0.952636719 0.214599609
0.964843750 0.203857422
0.970458984 0.217529297
0.984619141 0.209960938
0.005615234 0.226562500
0.022216797 0.219238281
0.039306641 0.232910156
0.051269531 0.223388672
0.065917969 0.225585938
0.089843750 0.231445312
0.100097656 0.222167969
0.115966797 0.229248047
0.130615234 0.220214844
0.151123047 0.234130859
0.162597656 0.224121094
0.176757812 0.228027344
0.190917969 0.221191406
0.205566406 0.229736328
0.221679688 0.224853516
0.248291016 0.230957031
0.263916016 0.227050781
0.279785156 0.219970703
0.288085938 0.232177734
0.301513672 0.226074219
0.315673828 0.222900391
0.333984375 0.228759766
0.348388672 0.221923828
0.368164062 0.233642578
0.382568359 0.230468750
0.394775391 0.218994141
0.409912109 0.223632812
0.424560547 0.227539062
0.444091797 0.229980469
0.463134766 0.225341797
0.479492188 0.232666016
0.487548828 0.220703125
0.502685547 0.224609375
0.521484375 0.229003906
0.538330078 0.231689453
0.551513672 0.221435547
0.568359375 0.219482422
0.580810547 0.227294922
0.595214844 0.232421875
0.613037109 0.223144531
0.639160156 0.227783203
0.652587891 0.220458984
0.660156250 0.233398438
0.676269531 0.226318359
0.689941406 0.224365234
0.706787109 0.229492188
0.722167969 0.222412109
0.746582031 0.231201172
0.763671875 0.233154297
0.767578125 0.218750000
0.781738281 0.223876953
0.798339844 0.228515625
0.814208984 0.221679688
0.843017578 0.230712891
0.858398438 0.226806641
0.873535156 0.225097656
0.890136719 0.220947266
0.902832031 0.228271484
0.920410156 0.225830078
0.933837891 0.233886719
0.938232422 0.219726562
0.962158203 0.230224609
0.980468750 0.231933594
0.991455078 0.222656250
0.011962891 0.243408203
0.023681641 0.234619141
0.033691406 0.248291016
0.055419922 0.239746094
0.073242188 0.237304688
0.083007812 0.246826172
0.106445312 0.240234375
0.123291016 0.244873047
0.135009766 0.235351562
0.141601562 0.249755859
0.169189453 0.242187500
0.186767578 0.238281250
0.201660156 0.245117188
0.216552734 0.241455078
0.232177734 0.236328125
0.241455078 0.247802734
0.256591797 0.243652344
0.273193359 0.237792969
0.291015625 0.247314453
0.307128906 0.241699219
0.322021484 0.238769531
0.338378906 0.245605469
0.351806641 0.236083984
0.360107422 0.249267578
0.387207031 0.246337891
0.399658203 0.235107422
0.415527344 0.242675781
0.431396484 0.240722656
0.446044922 0.248779297
0.457519531 0.239257812
0.471679688 0.244384766
0.494873047 0.237060547
0.511230469 0.240966797
0.527832031 0.243896484
0.544189453 0.247558594
0.558593750 0.235839844
0.573242188 0.239501953
0.587158203 0.245849609
0.609130859 0.238037109
0.623291016 0.248535156
0.625488281 0.234375000
0.645019531 0.242431641
0.671630859 0.241943359
0.686035156 0.249023438
0.695800781 0.238525391
0.714843750 0.244140625
0.728271484 0.236572266
0.739990234 0.246093750
0.757080078 0.246582031
0.779052734 0.239013672
0.795410156 0.242919922
0.811523438 0.237548828
0.820312500 0.249511719
0.828369141 0.234863281
0.849609375 0.244628906
0.866210938 0.240478516
0.882568359 0.236816406
0.896728516 0.243164062
0.912841797 0.241210938
0.928222656 0.247070312
0.948486328 0.235595703
0.956298828 0.248046875
0.972656250 0.245361328
0.997558594 0.239990234
0.000976562 0.260253906
0.018554688 0.256103516
0.031250000 0.264160156
0.049072266 0.253417969
0.064697266 0.255126953
0.078369141 0.262207031
0.096923828 0.251464844
0.112792969 0.258056641
0.127197266 0.261474609
0.155761719 0.250732422
0.170166016 0.257080078
0.183105469 0.265380859
0.188964844 0.252441406
0.210205078 0.259033203
0.225341797 0.254150391
0.238525391 0.262939453
0.254882812 0.259765625
0.271728516 0.253173828
0.283691406 0.261962891
0.303466797 0.257568359
0.321533203 0.254394531
0.335937500 0.263671875
0.348876953 0.258544922
0.374267578 0.250976562
0.384277344 0.263183594
0.400878906 0.252197266
0.415039062 0.259521484
0.430664062 0.255615234
0.446289062 0.264892578
0.461914062 0.256591797
0.477539062 0.260986328
0.487792969 0.250244141
0.504150391 0.254638672
0.519531250 0.258300781
0.534667969 0.261718750
0.559814453 0.251708984
0.574707031 0.256835938
0.587646484 0.264648438
0.600830078 0.252685547
0.616210938 0.260742188
0.636474609 0.254882812
0.649902344 0.263916016
0.657958984 0.250488281
0.675781250 0.259277344
0.701660156 0.253662109
0.715332031 0.262695312
0.728515625 0.255859375
0.746337891 0.260009766
0.763183594 0.262451172
0.774658203 0.252929688
0.791992188 0.256347656
0.807617188 0.258789062
0.823974609 0.265136719
0.835205078 0.251220703
0.850585938 0.261230469
0.865234375 0.255371094
0.881591797 0.251953125
0.900634766 0.257812500
0.916503906 0.257324219
0.931396484 0.264404297
0.942138672 0.253906250
0.962646484 0.260498047
0.983398438 0.263427734
0.987304688 0.250000000
0.012451172 0.270996094
0.025146484 0.279296875
0.045654297 0.268554688
0.060058594 0.273437500
0.075683594 0.276855469
0.092529297 0.267089844
0.106933594 0.272460938
0.120605469 0.278808594
0.135986328 0.280273438
0.143066406 0.265869141
0.158935547 0.270019531
0.174316406 0.276123047
0.199462891 0.267822266
0.213623047 0.277343750
0.226806641 0.271728516
0.248535156 0.274658203
0.265136719 0.269042969
0.278564453 0.275634766
0.296386719 0.271972656
0.308105469 0.281005859
0.316406250 0.269531250
0.329101562 0.277832031
0.354736328 0.273925781
0.366699219 0.266113281
0.378906250 0.278320312
0.397949219 0.268310547
0.412109375 0.275146484
0.428710938 0.270507812
0.441650391 0.279785156
0.459716797 0.272949219
0.476074219 0.276611328
0.494140625 0.266845703
0.508789062 0.272705078
0.525634766 0.274414062
0.539062500 0.280517578
0.549072266 0.265625000
0.565429688 0.269287109
0.580078125 0.278564453
0.602539062 0.270751953
0.618164062 0.275390625
0.632568359 0.269775391
0.645996094 0.280029297
0.664550781 0.268066406
0.679687500 0.277099609
0.690673828 0.266601562
0.705322266 0.274169922
0.721435547 0.278076172
0.734863281 0.271484375
0.752929688 0.273193359
0.769775391 0.279541016
0.781494141 0.267333984
0.798828125 0.273681641
0.813232422 0.277587891
0.840087891 0.270263672
0.857910156 0.275878906
0.872314453 0.268798828
0.887695312 0.266357422
0.891845703 0.280761719
0.906494141 0.272216797
0.922363281 0.274902344
0.947753906 0.267578125
0.956787109 0.279052734
0.970947266 0.271240234
0.994384766 0.276367188
0.006591797 0.286621094
0.022460938 0.293945312
0.039794922 0.282714844
0.053710938 0.289062500
0.069091797 0.291503906
0.088623047 0.284179688
0.103271484 0.287597656
0.116210938 0.296386719
0.130859375 0.294921875
0.151855469 0.283447266
0.167480469 0.288574219
0.184570312 0.292724609
0.192382812 0.281250000
0.206054688 0.290283203
0.221191406 0.292968750
0.234863281 0.285400391
0.252441406 0.289550781
0.266357422 0.284912109
0.286132812 0.287353516
0.299560547 0.294433594
0.326171875 0.291992188
0.342529297 0.281738281
0.344238281 0.295654297
0.361083984 0.286376953
0.375488281 0.293457031
0.393310547 0.283935547
0.406494141 0.291259766
0.425048828 0.285644531
0.438476562 0.295898438
0.454589844 0.288085938
0.469238281 0.290527344
0.490722656 0.282226562
0.501220703 0.292480469
0.516113281 0.286865234
0.545166016 0.294677734
0.554443359 0.281494141
0.567871094 0.289306641
0.593261719 0.283203125
0.597412109 0.296630859
0.611328125 0.288818359
0.628417969 0.287109375
0.641601562 0.295410156
0.661132812 0.282958984
0.672607422 0.291748047
0.693359375 0.284667969
0.707763672 0.290039062
0.724365234 0.293212891
0.738525391 0.285888672
0.754394531 0.287841797
0.766113281 0.296142578
0.785888672 0.283691406
0.802734375 0.290771484
0.819091797 0.293701172
0.828857422 0.281982422
0.845214844 0.286132812
0.863037109 0.291015625
0.876464844 0.284423828
0.897216797 0.295166016
0.911621094 0.288330078
0.927734375 0.289794922
0.940917969 0.282470703
0.965332031 0.292236328
0.979736328 0.285156250
0.990966797 0.294189453
0.010009766 0.302490234
0.027343750 0.310302734
0.036865234 0.299072266
0.054931641 0.304931641
0.070800781 0.308105469
0.084472656 0.298095703
0.100830078 0.303710938
0.122802734 0.311767578
0.137939453 0.310546875
0.145996094 0.297607422
0.160644531 0.301269531
0.177246094 0.305908203
0.198974609 0.302978516
0.215087891 0.308837891
0.230468750 0.306640625
0.243408203 0.300048828
0.261230469 0.305419922
0.274902344 0.300537109
0.289062500 0.304443359
0.310791016 0.312011719
0.313964844 0.298339844
0.333007812 0.307128906
0.358154297 0.301757812
0.370849609 0.309814453
0.388671875 0.301025391
0.403076172 0.307617188
0.419677734 0.299560547
0.434082031 0.311279297
0.451660156 0.303466797
0.466552734 0.306152344
0.483398438 0.297119141
0.498046875 0.309082031
0.513183594 0.304687500
0.529296875 0.296875000
0.538818359 0.309570312
0.558349609 0.302734375
0.572265625 0.311035156
0.582031250 0.298828125
0.608642578 0.306884766
0.624755859 0.302246094
0.638916016 0.312255859
0.655761719 0.300781250
0.668701172 0.307861328
0.685546875 0.297851562
0.698730469 0.304199219
0.713623047 0.305664062
0.730468750 0.308593750
0.744384766 0.300292969
0.758300781 0.310791016
0.780517578 0.298583984
0.794921875 0.303955078
0.810302734 0.307373047
0.826416016 0.309326172
0.837158203 0.299804688
0.852294922 0.301513672
0.868652344 0.306396484
0.883056641 0.299316406
0.902587891 0.310058594
0.918212891 0.305175781
0.936035156 0.302001953
0.950439453 0.297363281
0.958740234 0.311523438
0.976074219 0.303222656
0.996582031 0.308349609
0.013671875 0.318359375
0.030273438 0.326171875
0.042724609 0.314697266
0.058349609 0.321533203
0.073730469 0.322998047
0.086669922 0.312744141
0.094482422 0.325195312
0.109375000 0.316406250
0.133544922 0.323974609
0.150146484 0.318115234
0.165039062 0.315917969
0.172607422 0.327392578
0.189453125 0.314208984
0.204589844 0.320800781
0.220214844 0.324462891
0.236328125 0.320068359
0.250732422 0.315429688
0.270263672 0.320312500
0.282714844 0.326660156
0.296875000 0.317626953
0.322753906 0.319335938
0.337890625 0.324951172
0.347412109 0.312988281
0.363037109 0.322265625
0.385742188 0.316894531
0.399169922 0.323486328
0.416259766 0.314941406
0.422851562 0.327636719
0.450683594 0.319091797
0.468261719 0.321777344
0.481933594 0.313720703
0.497802734 0.325683594
0.510742188 0.322509766
0.524169922 0.314453125
0.536865234 0.324707031
0.552490234 0.317382812
0.569335938 0.326416016
0.589599609 0.313476562
0.603759766 0.321289062
0.621582031 0.318603516
0.632812500 0.327880859
0.654052734 0.316650391
0.671142578 0.323730469
0.684570312 0.312500000
0.688232422 0.325927734
0.703857422 0.319824219
0.720214844 0.320556641
0.743408203 0.315673828
0.764404297 0.326904297
0.773193359 0.313964844
0.787353516 0.317871094
0.804931641 0.321044922
0.821777344 0.324218750
0.839599609 0.319580078
0.854248047 0.316162109
0.874023438 0.322753906
0.885986328 0.313232422
0.893310547 0.327148438
0.912353516 0.322021484
0.927001953 0.318847656
0.943359375 0.315185547
0.967773438 0.323242188
0.982177734 0.317138672
0.998779297 0.325439453
0.002197266 0.342773438
0.015625000 0.332763672
0.034179688 0.339355469
0.048095703 0.330322266
0.067626953 0.340087891
0.081787109 0.335693359
0.103759766 0.336425781
0.118164062 0.328857422
0.125244141 0.341308594
0.146972656 0.333496094
0.162109375 0.338134766
0.187011719 0.329833984
0.202880859 0.334716797
0.217773438 0.341796875
0.232421875 0.337158203
0.247802734 0.331787109
0.262451172 0.333007812
0.275634766 0.343261719
0.292724609 0.338378906
0.305908203 0.329101562
0.320068359 0.334960938
0.335693359 0.340332031
0.352050781 0.331298828
0.367675781 0.337402344
0.381835938 0.332031250
0.395507812 0.341064453
0.410644531 0.335937500
0.437255859 0.328369141
0.443359375 0.342285156
0.456787109 0.334228516
0.472167969 0.339111328
0.484863281 0.330810547
0.507080078 0.340576172
0.521972656 0.331542969
0.541259766 0.338623047
0.555175781 0.332519531
0.577880859 0.342041016
0.584716797 0.328125000
0.597656250 0.336669922
0.614013672 0.333984375
0.626464844 0.343017578
0.647705078 0.330078125
0.662353516 0.335449219
0.678710938 0.339599609
0.696777344 0.337646484
0.712646484 0.333740234
0.732421875 0.329345703
0.741210938 0.341552734
0.750000000 0.329589844
0.776611328 0.336181641
0.792968750 0.332275391
0.801269531 0.343505859
0.814453125 0.337890625
0.833496094 0.334472656
0.846435547 0.339843750
0.859619141 0.330566406
0.879394531 0.336914062
0.905761719 0.335205078
0.920898438 0.340820312
0.934326172 0.331054688
0.951416016 0.328613281
0.953613281 0.342529297
0.969726562 0.338867188
0.984863281 0.333251953
0.008544922 0.358886719
0.019531250 0.348632812
0.038574219 0.353027344
0.051757812 0.344970703
0.062744141 0.354980469
0.090332031 0.347412109
0.108154297 0.350585938
0.123779297 0.356201172
0.138916016 0.347656250
0.154052734 0.352050781
0.168212891 0.356689453
0.178222656 0.344482422
0.194335938 0.346435547
0.211425781 0.354003906
0.228759766 0.357910156
0.240966797 0.349609375
0.256835938 0.348144531
0.267822266 0.358398438
0.288574219 0.352539062
0.308593750 0.345458984
0.324462891 0.351074219
0.340576172 0.356933594
0.350830078 0.346923828
0.364501953 0.354736328
0.378173828 0.349365234
0.392089844 0.355712891
0.408691406 0.351806641
0.426269531 0.343994141
0.439453125 0.357421875
0.457031250 0.350341797
0.474365234 0.353759766
0.492431641 0.345947266
0.514648438 0.354248047
0.527587891 0.344726562
0.531494141 0.359130859
0.547363281 0.350830078
0.562988281 0.346191406
0.578125000 0.357177734
0.593994141 0.351562500
0.609863281 0.349121094
0.637695312 0.357666016
0.643554688 0.344238281
0.659423828 0.350097656
0.674072266 0.354492188
0.692138672 0.352783203
0.708984375 0.348388672
0.727294922 0.347167969
0.748779297 0.355468750
0.760253906 0.343750000
0.768066406 0.355224609
0.784667969 0.349853516
0.812011719 0.356445312
0.824951172 0.347900391
0.841796875 0.353271484
0.855957031 0.358642578
0.864257812 0.345703125
0.877441406 0.352294922
0.894531250 0.346679688
0.908447266 0.351318359
0.925048828 0.355957031
0.937744141 0.345214844
0.960205078 0.358154297
0.974121094 0.353515625
0.988769531 0.348876953
0.004638672 0.374267578
0.026123047 0.362060547
0.044677734 0.366210938
0.061523438 0.369384766
0.076904297 0.359375000
0.083496094 0.372558594
0.097656250 0.363281250
0.114257812 0.367431641
0.129882812 0.373291016
0.141357422 0.362548828
0.156494141 0.370361328
0.180908203 0.364501953
0.196289062 0.360595703
0.208740234 0.368896484
0.223144531 0.371582031
0.245117188 0.365234375
0.259277344 0.370849609
0.280761719 0.364013672
0.294189453 0.374755859
0.301025391 0.360839844
0.314941406 0.363037109
0.331054688 0.367675781
0.356445312 0.365966797
0.372314453 0.371337891
0.388183594 0.369873047
0.405273438 0.366699219
0.421630859 0.359863281
0.432861328 0.373535156
0.448730469 0.368408203
0.463623047 0.364990234
0.479003906 0.372314453
0.488769531 0.361328125
0.503173828 0.363769531
0.517578125 0.372070312
0.544433594 0.369140625
0.560791016 0.361816406
0.571533203 0.373046875
0.591552734 0.365478516
0.606201172 0.368164062
0.619873047 0.360351562
0.630371094 0.371093750
0.651611328 0.362304688
0.666015625 0.370117188
0.683349609 0.366455078
0.699951172 0.367187500
0.718017578 0.360107422
0.725341797 0.374023438
0.736816406 0.364257812
0.755859375 0.368652344
0.778564453 0.364746094
0.789306641 0.374511719
0.797851562 0.361083984
0.816650391 0.370605469
0.830810547 0.362792969
0.848876953 0.371826172
0.869873047 0.365722656
0.889648438 0.361572266
0.898925781 0.372802734
0.914062500 0.366943359
0.931640625 0.369628906
0.945312500 0.359619141
0.964111328 0.373779297
0.978027344 0.367919922
0.993408203 0.363525391
0.007080078 0.388916016
0.020507812 0.375488281
0.037109375 0.380126953
0.053222656 0.383544922
0.069580078 0.382080078
0.085449219 0.387451172
0.102294922 0.377929688
0.117675781 0.385253906
0.131835938 0.390136719
0.144287109 0.380859375
0.169677734 0.375976562
0.181884766 0.386230469
0.193359375 0.376953125
0.207275391 0.384521484
0.222412109 0.387939453
0.236083984 0.379150391
0.253417969 0.384765625
0.276367188 0.377685547
0.290039062 0.389648438
0.309814453 0.379638672
0.323974609 0.381591797
0.341552734 0.388183594
0.344726562 0.375000000
0.359619141 0.383056641
0.383544922 0.385742188
0.402099609 0.382324219
0.417724609 0.376708984
0.435302734 0.389160156
0.449951172 0.383789062
0.465087891 0.380371094
0.483154297 0.386718750
0.496826172 0.378417969
0.510009766 0.385986328
0.530517578 0.375732422
0.537109375 0.388427734
0.555908203 0.378906250
0.570556641 0.389404297
0.585937500 0.378173828
0.599853516 0.384277344
0.615478516 0.381347656
0.629394531 0.385009766
0.646972656 0.377197266
0.660644531 0.386962891
0.676757812 0.380615234
0.692871094 0.382812500
0.711425781 0.376220703
0.723144531 0.390380859
0.737548828 0.382568359
0.751953125 0.383300781
0.769042969 0.376464844
0.782226562 0.388671875
0.802001953 0.379394531
0.813720703 0.387695312
0.829833984 0.378662109
0.843750000 0.385498047
0.866699219 0.381103516
0.882080078 0.377441406
0.905029297 0.387207031
0.919921875 0.381835938
0.937255859 0.384033203
0.949707031 0.375244141
0.957031250 0.389892578
0.975097656 0.386474609
0.989257812 0.379882812
0.011230469 0.403076172
0.024169922 0.391601562
0.040771484 0.395996094
0.055908203 0.399169922
0.072998047 0.397460938
0.089355469 0.405517578
0.098876953 0.393066406
0.111572266 0.400390625
0.135498047 0.404785156
0.149169922 0.395263672
0.161865234 0.390625000
0.179443359 0.400146484
0.197265625 0.396972656
0.214111328 0.401855469
0.228027344 0.403564453
0.242187500 0.393554688
0.259765625 0.401367188
0.269042969 0.391113281
0.281738281 0.402587891
0.304443359 0.394531250
0.312988281 0.405761719
0.328125000 0.396484375
0.354248047 0.399658203
0.369873047 0.392822266
0.379882812 0.403808594
0.395019531 0.395507812
0.407714844 0.400878906
0.421875000 0.392333984
0.437500000 0.404541016
0.453125000 0.397949219
0.470947266 0.394287109
0.491455078 0.398437500
0.506103516 0.400634766
0.522949219 0.394775391
0.546630859 0.406005859
0.551025391 0.392089844
0.563964844 0.403320312
0.583740234 0.394042969
0.604736328 0.397216797
0.622314453 0.399414062
0.640380859 0.393310547
0.653076172 0.402832031
0.670410156 0.398925781
0.686523438 0.395751953
0.702392578 0.405029297
0.706298828 0.391357422
0.733398438 0.401611328
0.747802734 0.397705078
0.765136719 0.392578125
0.775390625 0.404296875
0.795898438 0.395019531
0.809326172 0.402099609
0.825927734 0.396728516
0.841064453 0.402343750
0.857177734 0.391845703
0.871826172 0.398681641
0.885498047 0.405273438
0.890869141 0.390869141
0.913085938 0.399902344
0.928710938 0.396240234
0.945068359 0.398193359
0.965820312 0.401123047
0.980957031 0.404052734
0.992431641 0.393798828
0.015380859 0.416748047
0.029052734 0.407226562
0.032226562 0.421630859
0.047119141 0.413085938
0.065673828 0.410888672
0.079101562 0.417968750
0.105468750 0.415039062
0.121582031 0.408691406
0.128173828 0.420654297
0.147949219 0.411865234
0.164550781 0.406738281
0.175048828 0.417724609
0.190429688 0.414306641
0.205078125 0.412841797
0.231689453 0.419677734
0.241943359 0.409423828
0.255859375 0.416259766
0.270751953 0.413574219
0.295654297 0.408203125
0.300537109 0.421142578
0.327148438 0.414794922
0.339355469 0.406250000
0.347656250 0.418457031
0.365722656 0.411132812
0.390380859 0.412353516
0.404296875 0.417236328
0.420166016 0.409667969
0.429931641 0.420166016
0.447509766 0.415771484
0.464111328 0.407958984
0.475097656 0.418945312
0.485351562 0.410400391
0.500244141 0.416503906
0.516601562 0.412109375
0.532226562 0.408447266
0.559082031 0.418701172
0.575683594 0.414062500
0.590576172 0.406494141
0.594726562 0.420410156
0.612304688 0.410644531
0.635498047 0.409179688
0.642822266 0.421386719
0.656982422 0.417480469
0.672851562 0.413330078
0.688720703 0.411376953
0.710205078 0.419189453
0.719482422 0.407470703
0.740966797 0.415283203
0.759277344 0.408935547
0.772216797 0.420898438
0.788085938 0.410156250
0.800537109 0.415527344
0.818115234 0.413818359
0.834472656 0.416015625
0.854980469 0.406982422
0.862060547 0.419433594
0.875488281 0.416992188
0.899658203 0.407714844
0.907714844 0.419921875
0.922851562 0.412597656
0.939208984 0.411621094
0.955566406 0.414550781
0.971679688 0.418212891
0.997070312 0.409912109
0.002929688 0.426025391
0.016845703 0.434570312
0.043701172 0.432861328
0.058837891 0.425048828
0.074951172 0.431396484
0.091552734 0.423583984
0.096435547 0.436279297
0.113525391 0.427978516
0.140380859 0.427001953
0.155029297 0.437255859
0.159423828 0.424072266
0.186279297 0.431640625
0.201171875 0.430419922
0.216064453 0.422363281
0.226318359 0.434082031
0.246093750 0.428955078
0.262939453 0.429443359
0.277587891 0.433349609
0.285400391 0.421875000
0.306640625 0.435058594
0.317382812 0.424560547
0.334716797 0.430664062
0.359130859 0.426269531
0.373779297 0.436767578
0.376464844 0.422851562
0.391357422 0.429687500
0.413330078 0.427490234
0.428222656 0.435791016
0.442382812 0.432128906
0.460449219 0.425292969
0.479980469 0.433593750
0.493896484 0.428466797
0.512451172 0.429931641
0.526855469 0.425781250
0.542480469 0.423095703
0.550048828 0.435302734
0.566406250 0.432373047
0.581054688 0.428710938
0.608154297 0.425537109
0.620605469 0.437011719
0.625000000 0.422119141
0.651123047 0.435546875
0.666992188 0.430908203
0.682128906 0.427734375
0.697509766 0.426757812
0.717041016 0.434326172
0.727783203 0.424316406
0.742187500 0.433105469
0.755126953 0.424804688
0.778076172 0.436035156
0.790039062 0.426513672
0.806884766 0.430175781
0.822998047 0.429199219
0.837890625 0.434814453
0.847900391 0.423339844
0.870605469 0.432617188
0.888916016 0.423828125
0.898193359 0.433837891
0.915527344 0.431884766
0.930419922 0.427246094
0.946777344 0.428222656
0.962890625 0.431152344
0.977294922 0.436523438
0.986816406 0.422607422
0.005126953 0.448486328
0.029785156 0.441894531
0.046630859 0.449462891
0.060546875 0.439697266
0.063476562 0.452880859
0.080810547 0.444580078
0.109130859 0.445556641
0.124755859 0.438476562
0.129394531 0.451904297
0.142089844 0.443603516
0.171142578 0.437988281
0.183593750 0.447509766
0.200683594 0.450439453
0.212402344 0.440917969
0.233642578 0.446533203
0.249023438 0.442626953
0.264404297 0.445068359
0.279541016 0.451416016
0.291503906 0.439941406
0.312255859 0.448974609
0.325439453 0.441406250
0.343505859 0.450927734
0.349609375 0.437500000
0.362060547 0.446044922
0.384765625 0.446777344
0.400146484 0.440673828
0.414306641 0.444091797
0.427490234 0.452148438
0.444580078 0.449951172
0.455566406 0.438964844
0.469970703 0.443115234
0.486816406 0.447998047
0.502197266 0.443359375
0.518554688 0.446289062
0.533935547 0.440185547
0.557373047 0.449707031
0.573730469 0.447265625
0.587890625 0.442138672
0.602294922 0.439208984
0.614501953 0.451171875
0.636718750 0.438232422
0.648681641 0.452392578
0.665283203 0.445800781
0.683593750 0.442871094
0.700927734 0.441162109
0.714599609 0.450683594
0.731445312 0.444335938
0.749267578 0.448242188
0.760742188 0.437744141
0.770996094 0.448730469
0.794433594 0.441650391
0.803710938 0.452636719
0.815917969 0.443847656
0.831542969 0.449218750
0.853027344 0.439453125
0.867187500 0.447021484
0.884033203 0.440429688
0.893798828 0.451660156
0.909179688 0.447753906
0.924072266 0.444824219
0.939697266 0.442382812
0.960937500 0.445312500
0.982666016 0.450195312
0.995117188 0.438720703
0.009521484 0.463623047
0.021484375 0.456054688
0.035888672 0.458007812
0.050781250 0.466308594
0.077880859 0.459716797
0.093505859 0.468261719
0.095458984 0.454345703
0.115234375 0.460937500
0.137207031 0.464355469
0.150634766 0.457275391
0.163818359 0.453125000
0.173095703 0.466796875
0.187988281 0.460693359
0.208984375 0.465576172
0.219482422 0.455078125
0.237792969 0.462402344
0.251220703 0.457763672
0.267333984 0.463134766
0.284423828 0.467773438
0.297851562 0.453857422
0.318847656 0.465820312
0.330078125 0.455810547
0.353027344 0.462158203
0.368652344 0.459228516
0.381347656 0.464111328
0.396728516 0.456542969
0.411865234 0.460205078
0.436279297 0.464843750
0.452636719 0.467285156
0.461669922 0.454833984
0.476806641 0.461425781
0.499267578 0.458496094
0.513671875 0.463867188
0.529052734 0.458251953
0.543457031 0.454101562
0.553466797 0.467041016
0.568847656 0.461669922
0.585205078 0.459960938
0.598876953 0.456298828
0.623779297 0.466552734
0.631591797 0.453369141
0.641113281 0.468017578
0.663085938 0.461914062
0.678222656 0.457031250
0.695068359 0.455566406
0.708740234 0.465332031
0.725830078 0.463378906
0.739501953 0.459472656
0.757568359 0.460449219
0.773925781 0.464599609
0.786621094 0.455322266
0.805664062 0.468505859
0.820800781 0.458740234
0.836181641 0.466064453
0.847412109 0.453613281
0.863769531 0.462646484
0.878662109 0.456787109
0.901611328 0.465087891
0.917480469 0.462890625
0.932861328 0.458984375
0.948730469 0.454589844
0.958984375 0.467529297
0.968994141 0.457519531
0.991943359 0.461181641
0.000488281 0.475585938
0.017822266 0.478515625
0.033203125 0.472167969
0.056640625 0.481689453
0.066894531 0.469482422
0.082519531 0.477294922
0.099853516 0.483642578
0.110351562 0.474121094
0.126220703 0.474853516
0.145019531 0.478027344
0.157958984 0.471191406
0.180419922 0.480957031
0.195556641 0.473388672
0.217041016 0.482910156
0.224365234 0.470214844
0.239501953 0.479492188
0.254394531 0.473632812
0.272705078 0.479003906
0.293212891 0.482421875
0.302001953 0.468994141
0.316162109 0.480712891
0.337158203 0.470947266
0.356201172 0.476074219
0.371826172 0.477783203
0.386718750 0.483886719
0.394287109 0.471923828
0.409423828 0.476806641
0.424072266 0.472900391
0.445312500 0.479980469
0.467529297 0.475097656
0.481201172 0.481933594
0.489990234 0.469970703
0.505615234 0.478759766
0.524658203 0.475830078
0.540039062 0.472412109
0.562255859 0.480468750
0.576660156 0.473876953
0.592529297 0.476562500
0.607177734 0.468750000
0.610351562 0.482666016
0.627685547 0.481445312
0.654785156 0.474609375
0.669433594 0.479736328
0.680908203 0.471435547
0.695312500 0.470458984
0.704589844 0.483398438
0.721679688 0.477539062
0.745361328 0.473144531
0.762451172 0.476318359
0.779541016 0.479248047
0.791748047 0.469726562
0.797119141 0.484130859
0.819580078 0.474365234
0.832763672 0.481201172
0.850097656 0.471679688
0.873046875 0.477050781
0.886962891 0.470703125
0.895507812 0.483154297
0.910644531 0.478271484
0.926513672 0.475341797
0.942871094 0.472656250
0.967285156 0.480224609
0.978759766 0.469238281
0.985839844 0.482177734
0.012939453 0.495605469
0.027099609 0.491210938
0.041259766 0.484619141
0.049804688 0.497802734
0.071533203 0.487792969
0.087402344 0.493896484
0.104736328 0.499511719
0.119140625 0.489501953
0.134277344 0.488769531
0.152832031 0.492675781
0.166015625 0.486572266
0.176513672 0.498535156
0.191406250 0.494384766
0.203613281 0.485595703
0.229492188 0.490722656
0.244873047 0.496826172
0.258300781 0.487304688
0.274169922 0.494628906
0.287841797 0.496337891
0.305419922 0.491699219
0.321044922 0.498046875
0.332031250 0.484863281
0.346435547 0.488525391
0.363769531 0.492187500
0.377685547 0.497314453
0.403808594 0.490234375
0.418212891 0.493408203
0.431884766 0.486083984
0.440917969 0.499023438
0.458251953 0.487060547
0.473144531 0.495117188
0.495361328 0.489746094
0.508300781 0.498779297
0.520507812 0.489257812
0.535400391 0.493652344
0.548339844 0.485839844
0.564697266 0.496582031
0.579589844 0.488037109
0.596191406 0.491943359
0.617187500 0.495361328
0.634521484 0.497558594
0.644531250 0.486328125
0.658935547 0.490966797
0.675537109 0.494873047
0.689453125 0.488281250
0.716308594 0.492919922
0.729980469 0.499755859
0.735351562 0.485107422
0.750976562 0.489013672
0.767333984 0.492431641
0.783203125 0.496093750
0.811279297 0.486816406
0.827148438 0.495849609
0.843505859 0.491455078
0.858886719 0.484375000
0.860595703 0.498291016
0.880126953 0.490478516
0.903808594 0.497070312
0.919189453 0.493164062
0.935302734 0.487548828
0.952392578 0.485351562
0.954589844 0.499267578
0.973144531 0.494140625
0.999511719 0.489990234
0.001953125 0.506835938
0.018310547 0.510498047
0.035156250 0.503662109
0.061279297 0.514160156
0.063720703 0.500000000
0.079345703 0.508056641
0.095703125 0.511718750
0.120849609 0.504882812
0.137695312 0.502441406
0.144531250 0.515136719
0.157714844 0.506347656
0.172851562 0.511474609
0.194580078 0.509033203
0.209472656 0.500976562
0.225585938 0.504394531
0.241210938 0.512695312
0.261718750 0.503173828
0.273437500 0.513916016
0.287353516 0.510742188
0.302978516 0.507324219
0.317626953 0.512451172
0.336425781 0.501464844
0.352294922 0.505371094
0.367431641 0.509521484
0.384521484 0.513183594
0.393554688 0.500732422
0.407226562 0.508544922
0.425292969 0.505859375
0.437744141 0.514648438
0.455810547 0.502197266
0.469726562 0.510009766
0.487304688 0.503906250
0.500488281 0.512207031
0.522216797 0.506591797
0.537841797 0.510986328
0.551269531 0.501708984
0.568115234 0.513671875
0.581298828 0.502685547
0.602783203 0.505126953
0.623046875 0.508789062
0.639404297 0.513427734
0.650878906 0.503417969
0.667236328 0.507080078
0.684814453 0.509765625
0.699462891 0.500488281
0.715576172 0.508300781
0.733886719 0.515380859
0.745117188 0.504150391
0.760009766 0.506103516
0.774902344 0.510253906
0.795654297 0.502929688
0.808593750 0.514892578
0.813476562 0.501220703
0.840332031 0.507812500
0.856201172 0.511962891
0.873779297 0.505615234
0.889160156 0.504638672
0.903076172 0.512939453
0.918457031 0.509277344
0.935058594 0.501953125
0.945556641 0.511230469
0.966552734 0.507568359
0.981201172 0.514404297
0.986572266 0.500244141
0.011718750 0.525146484
0.030761719 0.520996094
0.045410156 0.515869141
0.051513672 0.528564453
0.075439453 0.522460938
0.091308594 0.525634766
0.106201172 0.531005859
0.111083984 0.517578125
0.128662109 0.518554688
0.156005859 0.524169922
0.169921875 0.527587891
0.186035156 0.521728516
0.201416016 0.526611328
0.212158203 0.516601562
0.227539062 0.520263672
0.246582031 0.529541016
0.255615234 0.518066406
0.266113281 0.529052734
0.295166016 0.522949219
0.310546875 0.526123047
0.325683594 0.530517578
0.332519531 0.516357422
0.348632812 0.520507812
0.364257812 0.523681641
0.380615234 0.526855469
0.398925781 0.522216797
0.419921875 0.519042969
0.433593750 0.530029297
0.450927734 0.517089844
0.465332031 0.524658203
0.482177734 0.519775391
0.496337891 0.527832031
0.513427734 0.521484375
0.528076172 0.524414062
0.543701172 0.529296875
0.554687500 0.517822266
0.575927734 0.525878906
0.588623047 0.516113281
0.596435547 0.528076172
0.609375000 0.519531250
0.625244141 0.523193359
0.641845703 0.528320312
0.658691406 0.518798828
0.676513672 0.523437500
0.690917969 0.527099609
0.703125000 0.516845703
0.720458984 0.521240234
0.740234375 0.530761719
0.752197266 0.520019531
0.771484375 0.524902344
0.788574219 0.518310547
0.799560547 0.528808594
0.826171875 0.515625000
0.830566406 0.530273438
0.844482422 0.522705078
0.861083984 0.526367188
0.875732422 0.520751953
0.893066406 0.523925781
0.909912109 0.527343750
0.929443359 0.517333984
0.940673828 0.529785156
0.954833984 0.521972656
0.970214844 0.525390625
0.996337891 0.519287109
0.009765625 0.541015625
0.026367188 0.534667969
0.040527344 0.538574219
0.057617188 0.545654297
0.066650391 0.535156250
0.082275391 0.539062500
0.098144531 0.543457031
0.122558594 0.531738281
0.131103516 0.544433594
0.141845703 0.532226562
0.161376953 0.542236328
0.181152344 0.537353516
0.196044922 0.540527344
0.214843750 0.536132812
0.230712891 0.533691406
0.237060547 0.546142578
0.253662109 0.542480469
0.280029297 0.531250000
0.283935547 0.546386719
0.298095703 0.538330078
0.314208984 0.542968750
0.340332031 0.534423828
0.355957031 0.536865234
0.371582031 0.539550781
0.387939453 0.541503906
0.402343750 0.537597656
0.416015625 0.532714844
0.427978516 0.544921875
0.447998047 0.533447266
0.463378906 0.540039062
0.479736328 0.535888672
0.493164062 0.543945312
0.510253906 0.535644531
0.519287109 0.545410156
0.533203125 0.540283203
0.560058594 0.532958984
0.572021484 0.542724609
0.585693359 0.538818359
0.601318359 0.543701172
0.614257812 0.534912109
0.631347656 0.539794922
0.655517578 0.533935547
0.670898438 0.536621094
0.681884766 0.544677734
0.697998047 0.541748047
0.709472656 0.531982422
0.726806641 0.537841797
0.749511719 0.546630859
0.756835938 0.534179688
0.768554688 0.541992188
0.783935547 0.535400391
0.805908203 0.544189453
0.816406250 0.531494141
0.838134766 0.545898438
0.848632812 0.537109375
0.864501953 0.540771484
0.879638672 0.536376953
0.897460938 0.541259766
0.912597656 0.543212891
0.925292969 0.533203125
0.944091797 0.545166016
0.958251953 0.538085938
0.976318359 0.539306641
0.990722656 0.532470703
0.006347656 0.557373047
0.022705078 0.550292969
0.032958984 0.561279297
0.046875000 0.553955078
0.071777344 0.552246094
0.086914062 0.555419922
0.101806641 0.559570312
0.113769531 0.547363281
0.134765625 0.558349609
0.148681641 0.548095703
0.166259766 0.562255859
0.175781250 0.551269531
0.190185547 0.556396484
0.205322266 0.552978516
0.220458984 0.549560547
0.242919922 0.558837891
0.258544922 0.557861328
0.269531250 0.547119141
0.289306641 0.560791016
0.304687500 0.553466797
0.320312500 0.560058594
0.330566406 0.549072266
0.345703125 0.550781250
0.361816406 0.554687500
0.377197266 0.554443359
0.395263672 0.556640625
0.413085938 0.549804688
0.433105469 0.559082031
0.445068359 0.548583984
0.459472656 0.555664062
0.476318359 0.551757812
0.490234375 0.561767578
0.504882812 0.552490234
0.523437500 0.559814453
0.539306641 0.556884766
0.549804688 0.546875000
0.562500000 0.554199219
0.591064453 0.555175781
0.606933594 0.561035156
0.619140625 0.550537109
0.635253906 0.558105469
0.646240234 0.547851562
0.662597656 0.551513672
0.673339844 0.561523438
0.693603516 0.556152344
0.713867188 0.548828125
0.723876953 0.559326172
0.736572266 0.552734375
0.761718750 0.557128906
0.778808594 0.552001953
0.792724609 0.550048828
0.803955078 0.562011719
0.822265625 0.547607422
0.834716797 0.560302734
0.853759766 0.553710938
0.868896484 0.555908203
0.885742188 0.551025391
0.901367188 0.558593750
0.916748047 0.557617188
0.930175781 0.549316406
0.952148438 0.560546875
0.963867188 0.553222656
0.979003906 0.554931641
0.994140625 0.548339844
0.001220703 0.573730469
0.017089844 0.568359375
0.044433594 0.576660156
0.054443359 0.565429688
0.070068359 0.566650391
0.088378906 0.571044922
0.107666016 0.574951172
0.116943359 0.562744141
0.126708984 0.572998047
0.150390625 0.563720703
0.159667969 0.577636719
0.182128906 0.569335938
0.197998047 0.575927734
0.208007812 0.567626953
0.223632812 0.564453125
0.234619141 0.571777344
0.250488281 0.573486328
0.272949219 0.564208984
0.282958984 0.577148438
0.301757812 0.569824219
0.319091797 0.575195312
0.334960938 0.567138672
0.349853516 0.564941406
0.366455078 0.570556641
0.382080078 0.569091797
0.397705078 0.574218750
0.410400391 0.563232422
0.423583984 0.571289062
0.440185547 0.572509766
0.453857422 0.568115234
0.471923828 0.565917969
0.494628906 0.576171875
0.508544922 0.566162109
0.530761719 0.574707031
0.545654297 0.570312500
0.561279297 0.568603516
0.577636719 0.562500000
0.578857422 0.577392578
0.594238281 0.572265625
0.621826172 0.567871094
0.638427734 0.573242188
0.652343750 0.564697266
0.661376953 0.575683594
0.685791016 0.569580078
0.701171875 0.576416016
0.708007812 0.563964844
0.731689453 0.571533203
0.747558594 0.566894531
0.763916016 0.573974609
0.775634766 0.565673828
0.790771484 0.568847656
0.811035156 0.576904297
0.818847656 0.562988281
0.829101562 0.575439453
0.849853516 0.567382812
0.866455078 0.572021484
0.881835938 0.565185547
0.895996094 0.572753906
0.921630859 0.570068359
0.937011719 0.577880859
0.937500000 0.563476562
0.956542969 0.574462891
0.970703125 0.570800781
0.989013672 0.566406250
0.014160156 0.585937500
0.028808594 0.578125000
0.034423828 0.591308594
0.059082031 0.583496094
0.073486328 0.580566406
0.081542969 0.593261719
0.094726562 0.583984375
0.118408203 0.588378906
0.133789062 0.589355469
0.143798828 0.579101562
0.164062500 0.592529297
0.174560547 0.582519531
0.188232422 0.587402344
0.217285156 0.581787109
0.233886719 0.585449219
0.249267578 0.590087891
0.265380859 0.578857422
0.277832031 0.592041016
0.293945312 0.587890625
0.307373047 0.584472656
0.323730469 0.590332031
0.338134766 0.583007812
0.353515625 0.580322266
0.370605469 0.586669922
0.385986328 0.585205078
0.401855469 0.591064453
0.414062500 0.581298828
0.431152344 0.589111328
0.446777344 0.586914062
0.462402344 0.582031250
0.478271484 0.579589844
0.489013672 0.592773438
0.503417969 0.587646484
0.516357422 0.580078125
0.535156250 0.590576172
0.548583984 0.584960938
0.564453125 0.583251953
0.592773438 0.588867188
0.608398438 0.579345703
0.616699219 0.592285156
0.627441406 0.582763672
0.647949219 0.586425781
0.669189453 0.593505859
0.674560547 0.581054688
0.688964844 0.588134766
0.717773438 0.578369141
0.721923828 0.591552734
0.739257812 0.584228516
0.754150391 0.584716797
0.769531250 0.590820312
0.782470703 0.581542969
0.798583984 0.586181641
0.820556641 0.589599609
0.842285156 0.579833984
0.857666016 0.583740234
0.870849609 0.591796875
0.883300781 0.582275391
0.906005859 0.593017578
0.910156250 0.578613281
0.923583984 0.587158203
0.950195312 0.585693359
0.968017578 0.588623047
0.982910156 0.580810547
0.999023438 0.589843750
0.004394531 0.603271484
0.019775391 0.598876953
0.037841797 0.607421875
0.049560547 0.596191406
0.065429688 0.599853516
0.092285156 0.605224609
0.104003906 0.594726562
0.112060547 0.606689453
0.130126953 0.603515625
0.147460938 0.597167969
0.168457031 0.605712891
0.184326172 0.600830078
0.199218750 0.608398438
0.204833984 0.593994141
0.221923828 0.597900391
0.239257812 0.602050781
0.261474609 0.596679688
0.275390625 0.607177734
0.292236328 0.602783203
0.309082031 0.600097656
0.327636719 0.604736328
0.342285156 0.598144531
0.357421875 0.594482422
0.360351562 0.609130859
0.375732422 0.601318359
0.392333984 0.601806641
0.417968750 0.595947266
0.426025391 0.608154297
0.441894531 0.604003906
0.457275391 0.599365234
0.472656250 0.595458984
0.485595703 0.606201172
0.506835938 0.602294922
0.520751953 0.595703125
0.541992188 0.605468750
0.556884766 0.598388672
0.573974609 0.594970703
0.586181641 0.603759766
0.603515625 0.600585938
0.617919922 0.607666016
0.634033203 0.596923828
0.643310547 0.606933594
0.656494141 0.599121094
0.680664062 0.603027344
0.696289062 0.604492188
0.705566406 0.593750000
0.725585938 0.608886719
0.736083984 0.599609375
0.751708984 0.600341797
0.766845703 0.605957031
0.785644531 0.597412109
0.802246094 0.601562500
0.816162109 0.604248047
0.836425781 0.594238281
0.852050781 0.598632812
0.862792969 0.608642578
0.878417969 0.604980469
0.891601562 0.595214844
0.915039062 0.607910156
0.927246094 0.601074219
0.941894531 0.597656250
0.959228516 0.602539062
0.974365234 0.606445312
0.985107422 0.596435547
0.009277344 0.620605469
0.023437500 0.612548828
0.041748047 0.621826172
0.055664062 0.613281250
0.076171875 0.610107422
0.084228516 0.623291016
0.101074219 0.618652344
0.123046875 0.616943359
0.139160156 0.617675781
0.153564453 0.610595703
0.163574219 0.624023438
0.178466797 0.615478516
0.192138672 0.622314453
0.214355469 0.611572266
0.229736328 0.614746094
0.244628906 0.619140625
0.257324219 0.611083984
0.268066406 0.624511719
0.285156250 0.619628906
0.299316406 0.615966797
0.315917969 0.613769531
0.329589844 0.622558594
0.343994141 0.613037109
0.373046875 0.618164062
0.389648438 0.616455078
0.405029297 0.623535156
0.409179688 0.609619141
0.436767578 0.620117188
0.452880859 0.617187500
0.468505859 0.611816406
0.483642578 0.621337891
0.499023438 0.614501953
0.514404297 0.618408203
0.526611328 0.609863281
0.532470703 0.623779297
0.553955078 0.614013672
0.569091797 0.611328125
0.582275391 0.620849609
0.598632812 0.615234375
0.611816406 0.622802734
0.630126953 0.616210938
0.649658203 0.621582031
0.664062500 0.612304688
0.677978516 0.617431641
0.693115234 0.619384766
0.711669922 0.610839844
0.729492188 0.624267578
0.743652344 0.614990234
0.759033203 0.618896484
0.780273438 0.612792969
0.794677734 0.614257812
0.807373047 0.621093750
0.824462891 0.620361328
0.833251953 0.609375000
0.846679688 0.615722656
0.871093750 0.623046875
0.887207031 0.617919922
0.899414062 0.610351562
0.906738281 0.624755859
0.932617188 0.616699219
0.948242188 0.612060547
0.962402344 0.619873047
0.978271484 0.622070312
0.992675781 0.613525391
0.007324219 0.635986328
0.025878906 0.626953125
0.036621094 0.638916016
0.052490234 0.632080078
0.067382812 0.625244141
0.089111328 0.637451172
0.103027344 0.633300781
0.117431641 0.629882812
0.132812500 0.635009766
0.149414062 0.628417969
0.162353516 0.640380859
0.177490234 0.631103516
0.194091797 0.638183594
0.206298828 0.625976562
0.221435547 0.628906250
0.235595703 0.633789062
0.251708984 0.631591797
0.274658203 0.637939453
0.290283203 0.633056641
0.310058594 0.627441406
0.322998047 0.636230469
0.343017578 0.629638672
0.358398438 0.626464844
0.368408203 0.639160156
0.381103516 0.630615234
0.396484375 0.635498047
0.412841797 0.639648438
0.422119141 0.625732422
0.441162109 0.634277344
0.456542969 0.632568359
0.470703125 0.628173828
0.484619141 0.636962891
0.501953125 0.629150391
0.519775391 0.634765625
0.538085938 0.638671875
0.547607422 0.626220703
0.565673828 0.627685547
0.583251953 0.637207031
0.597167969 0.631835938
0.620849609 0.634033203
0.635986328 0.630126953
0.654541016 0.637695312
0.666748047 0.628662109
0.684326172 0.632812500
0.702148438 0.639892578
0.706542969 0.625488281
0.719238281 0.635742188
0.746826172 0.631347656
0.762939453 0.636474609
0.774169922 0.626708984
0.791015625 0.629394531
0.800781250 0.639404297
0.814697266 0.633544922
0.834960938 0.630859375
0.854492188 0.627929688
0.867675781 0.638427734
0.881347656 0.636718750
0.894775391 0.632324219
0.920166016 0.625000000
0.931152344 0.635253906
0.946533203 0.627197266
0.953857422 0.640136719
0.968750000 0.634521484
0.991699219 0.630371094
0.013183594 0.654785156
0.021972656 0.642822266
0.043457031 0.651123047
0.059570312 0.646484375
0.074218750 0.640625000
0.085205078 0.653808594
0.100341797 0.650146484
0.115722656 0.645263672
0.129638672 0.651611328
0.145751953 0.644287109
0.169433594 0.656005859
0.180175781 0.645996094
0.198730469 0.652832031
0.211669922 0.641845703
0.228515625 0.648681641
0.243896484 0.647949219
0.260009766 0.644531250
0.270507812 0.654541016
0.286376953 0.649169922
0.303710938 0.641357422
0.316650391 0.650634766
0.334228516 0.646972656
0.350585938 0.643554688
0.364013672 0.653564453
0.385009766 0.647460938
0.401123047 0.652099609
0.417480469 0.655273438
0.429687500 0.642333984
0.449707031 0.649414062
0.467285156 0.645507812
0.480957031 0.652587891
0.498535156 0.643066406
0.511474609 0.648193359
0.528808594 0.649902344
0.544677734 0.654052734
0.555664062 0.641601562
0.570800781 0.644775391
0.592285156 0.651367188
0.607421875 0.642578125
0.610839844 0.655517578
0.625976562 0.648437500
0.641357422 0.644042969
0.657226562 0.653076172
0.672119141 0.645751953
0.687988281 0.646728516
0.715820312 0.650390625
0.733154297 0.640869141
0.737304688 0.655029297
0.750244141 0.647705078
0.765869141 0.653320312
0.781250000 0.643798828
0.809814453 0.651855469
0.825683594 0.645019531
0.839355469 0.655761719
0.845458984 0.642089844
0.859375000 0.649658203
0.885253906 0.650878906
0.900390625 0.646240234
0.913818359 0.641113281
0.923828125 0.654296875
0.938964844 0.647216797
0.967529297 0.652343750
0.981933594 0.643310547
0.997802734 0.648925781
0.003662109 0.666259766
0.028076172 0.659179688
0.039550781 0.668457031
0.055175781 0.662597656
0.071044922 0.657958984
0.080566406 0.670654297
0.096679688 0.665771484
0.113037109 0.660888672
0.139648438 0.664062500
0.154541016 0.656738281
0.158203125 0.671386719
0.185058594 0.661865234
0.202636719 0.667724609
0.215820312 0.658203125
0.222900391 0.669677734
0.238281250 0.663574219
0.256103516 0.660400391
0.281005859 0.664550781
0.296142578 0.670898438
0.300048828 0.656494141
0.312744141 0.667236328
0.328369141 0.663085938
0.344970703 0.659667969
0.359375000 0.668945312
0.376220703 0.662353516
0.391113281 0.665039062
0.418945312 0.669921875
0.434570312 0.657470703
0.443847656 0.667968750
0.461425781 0.661376953
0.477050781 0.666503906
0.495849609 0.658691406
0.506347656 0.671630859
0.517822266 0.661621094
0.534912109 0.665283203
0.559326172 0.658935547
0.576904297 0.657714844
0.586914062 0.669189453
0.602050781 0.666748047
0.624023438 0.663330078
0.639892578 0.659912109
0.651855469 0.668701172
0.667968750 0.664794922
0.682617188 0.660644531
0.698974609 0.656982422
0.709960938 0.667480469
0.724853516 0.662841797
0.741455078 0.670166016
0.756103516 0.666015625
0.777832031 0.662109375
0.793701172 0.656250000
0.805175781 0.668212891
0.821533203 0.661132812
0.831298828 0.670410156
0.856933594 0.664306641
0.872558594 0.658447266
0.877685547 0.671142578
0.893554688 0.663818359
0.908691406 0.659423828
0.935791016 0.665527344
0.951171875 0.657226562
0.957763672 0.669433594
0.973388672 0.666992188
0.986083984 0.660156250
0.007812500 0.685058594
0.019287109 0.673339844
0.033447266 0.683349609
0.050537109 0.679443359
0.064941406 0.675292969
0.092773438 0.681396484
0.108886719 0.676757812
0.124511719 0.687011719
0.125488281 0.671875000
0.141113281 0.679687500
0.165527344 0.685791016
0.175292969 0.675781250
0.191162109 0.678222656
0.210693359 0.683593750
0.231445312 0.681640625
0.248779297 0.674560547
0.262695312 0.686035156
0.267089844 0.672851562
0.281982422 0.678955078
0.308349609 0.682861328
0.324218750 0.680175781
0.339599609 0.674804688
0.354492188 0.684570312
0.372558594 0.677246094
0.389160156 0.682128906
0.404052734 0.672363281
0.406250000 0.686767578
0.429443359 0.677978516
0.445800781 0.684082031
0.458496094 0.676269531
0.473876953 0.680908203
0.491210938 0.674072266
0.515380859 0.686279297
0.525390625 0.676513672
0.540283203 0.680419922
0.553222656 0.674316406
0.569580078 0.672607422
0.580566406 0.685302734
0.597900391 0.683105469
0.613769531 0.677734375
0.632324219 0.675048828
0.647216797 0.684326172
0.663574219 0.681152344
0.679199219 0.677001953
0.694580078 0.673583984
0.712402344 0.682373047
0.728759766 0.679199219
0.744628906 0.687255859
0.758056641 0.681884766
0.770751953 0.676025391
0.787841797 0.673095703
0.797363281 0.684814453
0.817382812 0.678466797
0.841308594 0.686523438
0.847656250 0.673828125
0.863525391 0.679931641
0.890380859 0.683837891
0.904052734 0.677490234
0.917724609 0.672119141
0.928466797 0.682617188
0.944824219 0.678710938
0.961181641 0.685546875
0.976806641 0.680664062
0.993164062 0.675537109
0.000732422 0.699951172
0.020751953 0.691162109
0.046386719 0.694580078
0.062011719 0.698486328
0.072753906 0.687744141
0.085937500 0.696289062
0.098632812 0.701416016
0.109619141 0.692138672
0.135742188 0.697509766
0.151367188 0.690185547
0.170898438 0.700439453
0.183349609 0.692382812
0.200195312 0.693847656
0.213134766 0.702148438
0.227050781 0.695312500
0.245605469 0.689208984
0.258789062 0.700683594
0.276611328 0.693115234
0.293701172 0.688232422
0.305664062 0.698974609
0.321289062 0.696777344
0.336914062 0.689697266
0.346679688 0.701660156
0.362792969 0.694824219
0.377929688 0.691650391
0.392578125 0.699462891
0.420898438 0.690673828
0.435546875 0.695800781
0.448974609 0.697998047
0.466308594 0.693359375
0.482421875 0.702880859
0.487060547 0.688720703
0.500976562 0.690917969
0.529785156 0.696533203
0.545898438 0.693603516
0.562011719 0.701904297
0.563720703 0.687500000
0.588867188 0.699707031
0.604980469 0.697265625
0.618896484 0.691894531
0.633544922 0.689941406
0.644042969 0.702392578
0.659179688 0.695556641
0.679931641 0.692871094
0.696044922 0.688476562
0.704833984 0.700927734
0.720703125 0.695068359
0.734375000 0.698242188
0.765380859 0.696044922
0.779785156 0.688964844
0.789550781 0.700195312
0.808349609 0.692626953
0.819824219 0.702636719
0.828125000 0.689453125
0.853271484 0.694091797
0.869140625 0.698730469
0.876708984 0.687988281
0.898681641 0.697021484
0.914306641 0.691406250
0.926269531 0.701171875
0.940185547 0.694335938
0.955810547 0.699218750
0.972167969 0.697753906
0.988037109 0.690429688
0.014648438 0.707519531
0.030029297 0.718505859
0.031494141 0.703369141
0.047851562 0.711181641
0.063232422 0.715332031
0.078125000 0.709472656
0.104980469 0.714599609
0.119384766 0.705078125
0.127685547 0.716064453
0.142822266 0.710693359
0.156738281 0.706054688
0.179199219 0.711914062
0.193115234 0.708007812
0.207031250 0.717285156
0.225097656 0.712890625
0.240234375 0.704101562
0.252685547 0.714111328
0.271972656 0.709960938
0.288330078 0.704833984
0.300781250 0.717773438
0.315185547 0.714843750
0.331298828 0.708496094
0.356933594 0.712402344
0.374023438 0.705810547
0.387451172 0.713378906
0.406005859 0.703613281
0.411132812 0.717041016
0.423828125 0.707031250
0.439208984 0.711669922
0.460693359 0.706787109
0.474853516 0.716308594
0.497314453 0.708984375
0.511962891 0.703125000
0.522705078 0.711425781
0.536132812 0.715576172
0.548828125 0.708251953
0.574951172 0.705322266
0.584228516 0.718261719
0.599609375 0.713134766
0.615234375 0.709716797
0.628662109 0.707275391
0.653808594 0.713867188
0.669921875 0.704589844
0.677490234 0.716552734
0.689697266 0.706298828
0.716796875 0.712158203
0.730712891 0.717529297
0.742675781 0.710449219
0.753662109 0.703857422
0.772460938 0.710937500
0.786865234 0.715087891
0.803222656 0.707763672
0.827880859 0.718017578
0.836914062 0.705566406
0.850830078 0.709228516
0.865478516 0.713623047
0.884277344 0.704345703
0.896484375 0.715820312
0.911376953 0.708740234
0.932373047 0.714355469
0.947509766 0.710205078
0.965576172 0.712646484
0.984130859 0.706542969
0.998535156 0.716796875
0.004882812 0.731201172
0.015869141 0.722412109
0.042480469 0.726074219
0.056884766 0.729980469
0.077148438 0.727050781
0.090576172 0.718750000
0.093750000 0.733154297
0.114746094 0.724365234
0.132568359 0.729248047
0.152587891 0.723388672
0.166992188 0.719726562
0.172363281 0.732177734
0.188720703 0.724609375
0.218017578 0.727783203
0.232666016 0.733886719
0.238037109 0.720947266
0.254638672 0.729736328
0.268798828 0.725585938
0.284912109 0.721435547
0.312011719 0.732666016
0.326416016 0.726562500
0.341308594 0.720458984
0.352783203 0.730468750
0.369384766 0.722656250
0.383300781 0.728759766
0.399414062 0.725097656
0.415283203 0.733642578
0.426757812 0.721923828
0.443115234 0.728271484
0.454833984 0.719482422
0.478515625 0.731689453
0.492187500 0.723632812
0.509277344 0.722167969
0.524414062 0.729003906
0.541015625 0.733398438
0.552246094 0.723144531
0.566894531 0.719970703
0.590332031 0.731445312
0.605957031 0.727294922
0.622558594 0.724853516
0.637451172 0.721191406
0.648437500 0.730957031
0.665039062 0.724121094
0.687255859 0.727539062
0.700683594 0.718994141
0.707031250 0.732421875
0.722900391 0.730224609
0.748535156 0.725830078
0.760986328 0.721679688
0.776367188 0.726806641
0.796630859 0.726318359
0.812255859 0.734130859
0.812988281 0.719238281
0.832031250 0.731933594
0.846191406 0.723876953
0.861328125 0.729492188
0.880371094 0.720214844
0.904785156 0.728027344
0.918945312 0.722900391
0.934082031 0.730712891
0.949462891 0.725341797
0.963134766 0.728515625
0.979980469 0.720703125
0.989746094 0.732910156
0.010986328 0.745849609
0.024902344 0.736083984
0.038818359 0.740722656
0.053466797 0.748291016
0.068847656 0.738769531
0.083251953 0.746337891
0.107177734 0.737304688
0.121826172 0.742431641
0.137451172 0.747802734
0.146484375 0.736328125
0.160400391 0.743164062
0.186523438 0.739257812
0.197021484 0.749267578
0.203857422 0.735107422
0.219238281 0.744628906
0.247314453 0.741699219
0.264160156 0.745361328
0.278808594 0.738281250
0.291259766 0.748779297
0.297119141 0.735351562
0.319824219 0.747070312
0.333251953 0.740234375
0.347900391 0.743896484
0.365966797 0.738037109
0.379150391 0.744384766
0.395751953 0.739746094
0.408203125 0.746826172
0.431640625 0.737060547
0.451904297 0.742675781
0.463867188 0.734375000
0.468750000 0.749511719
0.489501953 0.741210938
0.503906250 0.736572266
0.516845703 0.743408203
0.531738281 0.747558594
0.557861328 0.738525391
0.572998047 0.734619141
0.579833984 0.749023438
0.595458984 0.744873047
0.612548828 0.740966797
0.629638672 0.739501953
0.644775391 0.746582031
0.660400391 0.742187500
0.675292969 0.737548828
0.691894531 0.741943359
0.712890625 0.745605469
0.727539062 0.748535156
0.738281250 0.735839844
0.754882812 0.743652344
0.767822266 0.739013672
0.784912109 0.737792969
0.800292969 0.746093750
0.823242188 0.748046875
0.843261719 0.740478516
0.858642578 0.745117188
0.874755859 0.735595703
0.887939453 0.749755859
0.891113281 0.734863281
0.907226562 0.742919922
0.922119141 0.739990234
0.943115234 0.741455078
0.959960938 0.744140625
0.975341797 0.736816406
0.995361328 0.747314453
0.004150391 0.760986328
0.025390625 0.753173828
0.040039062 0.756591797
0.052001953 0.764648438
0.068359375 0.754638672
0.087646484 0.759521484
0.102539062 0.750976562
0.111328125 0.762939453
0.125000000 0.757812500
0.152099609 0.755371094
0.168945312 0.764160156
0.174804688 0.750488281
0.187744141 0.760498047
0.209228516 0.757080078
0.224609375 0.762451172
0.235107422 0.751953125
0.253173828 0.758300781
0.277343750 0.755126953
0.290771484 0.763916016
0.306152344 0.751464844
0.321777344 0.761962891
0.339843750 0.757568359
0.358886719 0.753417969
0.374755859 0.760009766
0.390136719 0.756103516
0.405517578 0.761474609
0.421386719 0.752441406
0.436035156 0.763427734
0.439697266 0.750000000
0.455078125 0.758789062
0.482910156 0.753906250
0.490966797 0.765380859
0.502441406 0.754150391
0.520263672 0.759765625
0.546386719 0.750244141
0.555419922 0.764404297
0.564941406 0.752197266
0.587402344 0.762695312
0.603027344 0.758544922
0.618408203 0.756347656
0.633056641 0.757324219
0.655029297 0.759033203
0.671386719 0.753662109
0.685302734 0.762207031
0.698486328 0.754882812
0.717529297 0.761230469
0.733642578 0.765136719
0.741943359 0.751708984
0.757324219 0.761718750
0.771972656 0.755859375
0.787109375 0.752929688
0.807861328 0.758056641
0.822753906 0.763671875
0.839843750 0.754394531
0.854003906 0.760253906
0.872070312 0.751220703
0.875244141 0.764892578
0.905273438 0.755615234
0.920654297 0.760742188
0.931884766 0.752685547
0.949951172 0.756835938
0.966796875 0.759277344
0.979492188 0.750732422
0.988281250 0.763183594
0.008300781 0.778076172
0.018798828 0.767089844
0.033935547 0.772460938
0.061767578 0.776367188
0.074707031 0.768554688
0.084716797 0.780029297
0.097412109 0.770751953
0.123535156 0.773681641
0.138427734 0.766357422
0.144042969 0.780517578
0.156250000 0.770263672
0.179687500 0.774658203
0.199707031 0.771728516
0.215332031 0.775878906
0.231201172 0.779052734
0.242431641 0.767822266
0.262207031 0.779296875
0.266601562 0.765869141
0.281494141 0.774169922
0.304199219 0.769531250
0.314697266 0.778564453
0.331542969 0.772949219
0.346191406 0.775634766
0.359863281 0.768310547
0.377441406 0.776855469
0.391845703 0.771240234
0.408935547 0.777343750
0.422607422 0.769042969
0.445556641 0.775146484
0.460937500 0.772216797
0.474121094 0.766601562
0.497558594 0.780761719
0.509033203 0.770019531
0.528320312 0.774414062
0.538574219 0.765625000
0.551757812 0.778320312
0.572509766 0.767578125
0.582763672 0.780273438
0.598388672 0.775390625
0.615722656 0.771484375
0.628173828 0.777587891
0.642333984 0.768798828
0.659667969 0.773925781
0.673828125 0.770507812
0.691650391 0.779541016
0.705078125 0.767333984
0.723388672 0.777099609
0.747070312 0.772705078
0.763427734 0.776123047
0.778320312 0.769775391
0.794189453 0.766845703
0.798095703 0.781005859
0.812500000 0.774902344
0.835693359 0.769287109
0.847167969 0.778808594
0.862304688 0.771972656
0.882812500 0.779785156
0.892089844 0.766113281
0.909423828 0.770996094
0.927978516 0.776611328
0.941406250 0.768066406
0.958496094 0.773437500
0.975830078 0.773193359
0.993652344 0.777832031
0.012207031 0.794677734
0.023193359 0.785156250
0.038330078 0.791015625
0.048339844 0.781738281
0.070556641 0.788085938
0.081054688 0.796630859
0.099121094 0.789306641
0.113281250 0.783691406
0.131347656 0.787597656
0.148193359 0.795654297
0.161621094 0.784179688
0.177001953 0.791992188
0.191650391 0.786132812
0.206787109 0.790039062
0.222167969 0.793212891
0.248046875 0.782470703
0.258056641 0.794189453
0.275146484 0.786865234
0.295410156 0.782958984
0.309570312 0.792480469
0.326660156 0.788574219
0.338623047 0.796142578
0.351074219 0.789794922
0.365478516 0.784667969
0.382324219 0.793701172
0.395996094 0.787109375
0.413574219 0.791503906
0.430175781 0.783203125
0.450195312 0.790527344
0.465820312 0.785644531
0.480224609 0.781250000
0.486572266 0.794921875
0.505859375 0.795410156
0.515869141 0.784912109
0.533691406 0.788330078
0.548095703 0.791748047
0.566650391 0.782226562
0.578369141 0.794433594
0.594970703 0.790283203
0.612792969 0.785888672
0.630615234 0.793457031
0.645263672 0.783935547
0.662109375 0.789550781
0.677001953 0.786376953
0.701904297 0.796386719
0.707519531 0.781982422
0.719726562 0.792724609
0.735107422 0.787353516
0.750732422 0.787841797
0.768310547 0.791259766
0.781982422 0.784423828
0.811767578 0.792968750
0.825439453 0.782714844
0.837646484 0.790771484
0.851318359 0.795898438
0.865966797 0.785400391
0.886718750 0.795166016
0.897949219 0.781494141
0.915771484 0.786621094
0.936523438 0.792236328
0.947021484 0.783447266
0.964599609 0.789062500
0.980712891 0.788818359
0.996826172 0.793945312
0.001464844 0.810546875
0.028320312 0.802001953
0.045898438 0.805419922
0.058105469 0.796875000
0.064208984 0.809814453
0.093261719 0.803222656
0.108642578 0.807128906
0.120361328 0.799316406
0.136230469 0.803955078
0.153808594 0.812011719
0.164794922 0.800537109
0.185546875 0.805908203
0.198486328 0.801025391
0.211181641 0.809082031
0.226562500 0.807617188
0.239990234 0.797851562
0.256347656 0.810302734
0.272460938 0.802246094
0.287597656 0.797363281
0.300292969 0.804931641
0.319580078 0.804199219
0.334472656 0.811523438
0.354003906 0.806640625
0.367919922 0.800048828
0.384033203 0.811035156
0.399902344 0.801513672
0.415771484 0.808349609
0.428466797 0.798339844
0.443603516 0.802978516
0.458984375 0.808593750
0.469482422 0.798828125
0.494384766 0.806396484
0.512207031 0.810791016
0.525146484 0.801269531
0.542724609 0.807373047
0.561767578 0.798583984
0.574462891 0.809570312
0.591308594 0.804443359
0.607910156 0.799072266
0.622070312 0.805175781
0.638671875 0.807861328
0.650146484 0.800292969
0.667724609 0.802734375
0.680175781 0.812255859
0.687500000 0.797607422
0.711914062 0.809326172
0.728027344 0.805664062
0.744140625 0.801757812
0.761230469 0.803466797
0.776123047 0.808837891
0.789062500 0.798095703
0.801757812 0.804687500
0.816894531 0.808105469
0.830322266 0.802490234
0.858154297 0.811767578
0.869628906 0.799804688
0.879882812 0.810058594
0.901855469 0.797119141
0.911865234 0.806884766
0.924804688 0.800781250
0.937988281 0.811279297
0.953125000 0.799560547
0.969238281 0.803710938
0.985595703 0.806152344
0.006835938 0.827392578
0.016113281 0.812988281
0.032470703 0.817382812
0.050048828 0.820800781
0.066162109 0.825439453
0.079833984 0.815429688
0.095214844 0.819335938
0.109863281 0.823242188
0.126953125 0.816406250
0.140869141 0.821533203
0.163330078 0.826171875
0.173339844 0.815185547
0.196533203 0.818847656
0.213378906 0.824462891
0.229248047 0.822998047
0.241699219 0.813720703
0.260253906 0.826904297
0.270996094 0.817871094
0.285888672 0.813964844
0.298583984 0.822509766
0.313232422 0.818359375
0.329345703 0.824951172
0.349121094 0.820312500
0.369628906 0.815917969
0.388427734 0.827880859
0.398193359 0.816894531
0.410888672 0.823730469
0.432128906 0.814697266
0.448486328 0.819824219
0.464355469 0.825927734
0.475341797 0.812744141
0.485107422 0.821777344
0.500000000 0.821289062
0.527099609 0.816650391
0.543945312 0.824218750
0.558837891 0.814941406
0.577148438 0.823974609
0.591796875 0.819580078
0.606445312 0.814208984
0.613525391 0.827148438
0.625732422 0.819091797
0.647460938 0.820556641
0.660888672 0.815673828
0.672363281 0.826416016
0.694824219 0.813232422
0.703613281 0.825195312
0.722412109 0.822265625
0.737060547 0.817626953
0.753173828 0.816162109
0.773437500 0.824707031
0.791503906 0.817138672
0.806396484 0.821044922
0.826660156 0.820068359
0.842041016 0.827636719
0.843994141 0.813476562
0.873291016 0.823486328
0.888671875 0.825683594
0.895263672 0.812500000
0.907958984 0.822753906
0.923095703 0.818115234
0.952880859 0.814453125
0.959472656 0.826660156
0.973876953 0.818603516
0.991210938 0.822021484
0.013916016 0.842773438
0.023925781 0.829589844
0.041015625 0.832275391
0.056396484 0.838134766
0.076660156 0.836181641
0.090820312 0.834228516
0.104492188 0.840332031
0.122314453 0.831298828
0.134521484 0.839111328
0.149902344 0.833251953
0.171630859 0.840820312
0.183837891 0.828125000
0.189697266 0.842285156
0.203369141 0.834960938
0.223388672 0.836914062
0.244140625 0.830078125
0.255126953 0.841552734
0.280273438 0.830810547
0.294433594 0.837646484
0.311035156 0.834716797
0.324707031 0.839599609
0.343261719 0.833740234
0.356689453 0.843505859
0.361328125 0.829101562
0.375244141 0.832763672
0.402832031 0.842041016
0.416992188 0.838623047
0.426513672 0.828857422
0.441406250 0.831787109
0.454101562 0.840087891
0.480712891 0.835449219
0.499511719 0.836669922
0.514892578 0.828369141
0.518066406 0.843017578
0.531250000 0.833007812
0.550292969 0.837402344
0.563232422 0.830566406
0.584960938 0.838378906
0.600097656 0.834472656
0.620117188 0.841308594
0.635009766 0.829833984
0.651367188 0.835937500
0.664794922 0.839843750
0.686279297 0.832031250
0.697021484 0.842529297
0.714355469 0.835205078
0.729248047 0.839355469
0.742431641 0.831542969
0.759521484 0.830322266
0.766357422 0.843261719
0.785400391 0.832519531
0.799072266 0.836425781
0.815185547 0.833984375
0.829589844 0.837890625
0.851562500 0.841064453
0.860107422 0.828613281
0.882324219 0.840576172
0.899169922 0.835693359
0.916259766 0.837158203
0.929931641 0.831054688
0.943603516 0.829345703
0.966064453 0.838867188
0.982421875 0.833496094
0.995849609 0.841796875
0.002441406 0.855224609
0.029296875 0.845458984
0.043945312 0.848632812
0.053955078 0.859130859
0.067138672 0.850097656
0.083740234 0.851562500
0.100585938 0.855468750
0.117919922 0.846435547
0.130371094 0.856445312
0.145263672 0.851074219
0.159179688 0.846923828
0.182617188 0.854248047
0.201904297 0.852783203
0.216796875 0.848144531
0.233154297 0.858154297
0.237548828 0.844238281
0.250000000 0.856201172
0.269287109 0.843750000
0.283203125 0.850585938
0.302246094 0.852050781
0.317138672 0.853759766
0.337646484 0.847412109
0.351562500 0.857666016
0.371337891 0.849365234
0.386230469 0.844726562
0.394042969 0.857177734
0.419433594 0.853271484
0.434326172 0.847656250
0.452392578 0.854492188
0.468017578 0.845947266
0.476562500 0.858642578
0.488525391 0.849609375
0.504638672 0.851318359
0.523193359 0.857421875
0.536621094 0.847167969
0.554199219 0.852294922
0.570068359 0.844970703
0.588134766 0.854736328
0.604492188 0.849121094
0.623535156 0.855712891
0.636962891 0.845703125
0.643798828 0.858398438
0.657714844 0.852539062
0.678466797 0.847900391
0.690185547 0.856689453
0.709228516 0.850341797
0.726074219 0.853515625
0.749023438 0.844482422
0.755371094 0.857910156
0.780761719 0.846679688
0.795166016 0.853027344
0.810058594 0.848876953
0.821044922 0.855957031
0.838623047 0.849853516
0.855468750 0.854980469
0.868164062 0.843994141
0.877929688 0.856933594
0.894042969 0.850830078
0.912109375 0.851806641
0.933593750 0.846191406
0.948974609 0.845214844
0.961914062 0.854003906
0.977783203 0.848388672
0.987548828 0.858886719
0.011474609 0.869628906
0.020263672 0.859375000
0.035644531 0.863769531
0.060302734 0.874511719
0.072265625 0.865234375
0.089599609 0.867431641
0.106689453 0.871582031
0.116455078 0.862060547
0.140136719 0.868652344
0.154785156 0.866699219
0.167724609 0.860595703
0.177734375 0.872314453
0.193603516 0.864990234
0.207763672 0.873535156
0.218750000 0.863037109
0.246337891 0.870849609
0.264892578 0.859863281
0.276855469 0.868164062
0.292480469 0.864257812
0.307861328 0.871093750
0.322265625 0.869384766
0.333740234 0.861328125
0.344482422 0.873046875
0.363525391 0.866210938
0.379638672 0.863281250
0.400634766 0.874023438
0.407958984 0.861083984
0.424804688 0.870117188
0.437988281 0.862548828
0.458007812 0.867675781
0.472412109 0.872802734
0.492675781 0.865722656
0.510986328 0.865478516
0.530273438 0.873291016
0.540771484 0.862304688
0.557128906 0.868896484
0.571289062 0.860351562
0.581542969 0.871337891
0.596923828 0.870605469
0.610107422 0.863525391
0.632080078 0.866943359
0.652832031 0.869873047
0.669677734 0.861572266
0.683105469 0.872070312
0.700439453 0.867919922
0.716552734 0.864746094
0.730957031 0.874267578
0.739746094 0.860107422
0.764160156 0.874755859
0.770263672 0.860839844
0.784179688 0.864013672
0.804443359 0.867187500
0.819335938 0.872558594
0.833740234 0.862792969
0.849121094 0.869140625
0.864990234 0.865966797
0.886230469 0.870361328
0.902343750 0.864501953
0.917968750 0.871826172
0.926025391 0.859619141
0.941162109 0.861816406
0.956054688 0.868408203
0.971923828 0.866455078
0.998291016 0.873779297
0.010253906 0.885498047
0.026855469 0.878906250
0.044921875 0.875244141
0.052734375 0.887939453
0.069335938 0.889160156
0.080322266 0.878173828
0.097900391 0.882568359
0.115478516 0.884521484
0.127929688 0.875976562
0.148925781 0.883056641
0.165283203 0.881103516
0.180664062 0.889892578
0.192626953 0.880126953
0.213867188 0.887207031
0.228271484 0.876953125
0.240722656 0.885986328
0.260742188 0.875732422
0.275878906 0.883544922
0.292968750 0.879638672
0.305175781 0.886962891
0.327392578 0.882080078
0.341796875 0.888916016
0.355224609 0.885009766
0.370361328 0.878662109
0.385498047 0.877441406
0.398437500 0.888427734
0.414550781 0.881591797
0.428955078 0.886474609
0.444335938 0.876464844
0.462158203 0.884033203
0.484130859 0.880615234
0.496582031 0.890380859
0.502929688 0.877685547
0.518798828 0.882812500
0.544921875 0.879150391
0.556152344 0.888671875
0.570312500 0.880859375
0.583496094 0.888183594
0.600585938 0.885742188
0.617431641 0.876708984
0.634277344 0.881835938
0.649169922 0.884765625
0.666259766 0.877929688
0.681152344 0.887451172
0.697265625 0.883789062
0.713378906 0.879882812
0.725097656 0.889648438
0.748046875 0.875000000
0.754638672 0.889404297
0.779296875 0.881347656
0.793212891 0.876220703
0.802978516 0.886230469
0.817871094 0.886718750
0.835937500 0.878417969
0.852783203 0.884277344
0.870361328 0.879394531
0.889892578 0.885253906
0.904541016 0.880371094
0.921142578 0.887695312
0.933349609 0.877197266
0.947998047 0.882324219
0.965087891 0.883300781
0.978515625 0.890136719
0.984375000 0.875488281
0.005371094 0.902832031
0.020996094 0.896240234
0.036376953 0.892089844
0.057128906 0.902099609
0.073974609 0.904785156
0.086425781 0.893310547
0.103515625 0.898193359
0.118652344 0.900146484
0.133300781 0.890625000
0.146240234 0.899169922
0.162841797 0.896484375
0.176269531 0.905761719
0.197509766 0.894287109
0.208496094 0.903808594
0.226074219 0.895263672
0.245361328 0.901123047
0.257080078 0.891357422
0.270019531 0.898681641
0.286865234 0.895507812
0.301269531 0.902587891
0.318115234 0.892822266
0.332275391 0.900634766
0.348144531 0.904296875
0.364746094 0.896972656
0.380126953 0.893798828
0.394531250 0.903320312
0.411621094 0.897705078
0.437011719 0.901611328
0.447265625 0.891601562
0.459960938 0.899658203
0.475830078 0.894531250
0.488037109 0.905273438
0.512939453 0.895996094
0.527343750 0.903564453
0.534423828 0.890869141
0.547119141 0.901855469
0.567382812 0.897949219
0.593505859 0.899902344
0.608886719 0.906005859
0.616455078 0.892578125
0.631103516 0.897216797
0.645751953 0.898925781
0.663330078 0.894042969
0.676025391 0.902343750
0.694091797 0.900390625
0.708496094 0.895019531
0.730224609 0.905029297
0.740722656 0.891845703
0.762207031 0.905517578
0.769287109 0.892333984
0.786376953 0.895751953
0.806640625 0.901367188
0.822021484 0.904052734
0.831787109 0.893554688
0.845703125 0.899414062
0.861816406 0.897460938
0.876953125 0.893066406
0.892578125 0.900878906
0.908203125 0.896728516
0.922607422 0.903076172
0.939453125 0.894775391
0.957275391 0.898437500
0.972900391 0.904541016
0.994628906 0.891113281
0.012695312 0.915283203
0.027587891 0.910644531
0.041992188 0.906738281
0.048828125 0.919677734
0.064453125 0.916259766
0.090087891 0.909423828
0.107910156 0.913818359
0.124267578 0.921142578
0.132080078 0.907226562
0.142333984 0.917236328
0.157226562 0.912109375
0.171875000 0.919921875
0.190673828 0.908691406
0.218505859 0.914306641
0.233398438 0.911132812
0.249755859 0.918212891
0.263183594 0.911621094
0.279296875 0.921630859
0.282226562 0.908447266
0.297363281 0.917480469
0.315429688 0.907714844
0.328857422 0.915527344
0.345458984 0.918701172
0.360839844 0.912597656
0.378417969 0.910400391
0.404541016 0.914550781
0.420410156 0.920654297
0.423095703 0.906250000
0.438720703 0.916748047
0.453369141 0.913330078
0.471191406 0.909912109
0.495117188 0.919189453
0.507324219 0.908203125
0.523925781 0.918945312
0.539794922 0.915039062
0.560546875 0.912353516
0.575439453 0.920410156
0.579345703 0.906494141
0.595703125 0.916015625
0.624511719 0.911376953
0.640136719 0.914794922
0.656005859 0.909179688
0.670654297 0.917968750
0.686767578 0.913574219
0.702636719 0.916992188
0.715087891 0.907470703
0.721191406 0.921386719
0.745849609 0.910156250
0.758544922 0.920166016
0.776855469 0.910888672
0.792236328 0.908935547
0.810546875 0.916503906
0.824707031 0.919433594
0.840820312 0.913085938
0.856689453 0.914062500
0.874267578 0.907958984
0.884765625 0.918457031
0.900146484 0.912841797
0.914794922 0.915771484
0.936279297 0.909667969
0.950683594 0.911865234
0.963623047 0.917724609
0.981445312 0.920898438
0.989501953 0.906982422
0.000000000 0.935058594
0.017578125 0.928955078
0.031982422 0.925537109
0.058593750 0.932373047
0.077636719 0.922851562
0.085693359 0.937011719
0.096191406 0.925781250
0.112548828 0.930908203
0.138671875 0.933105469
0.155273438 0.927734375
0.170410156 0.934326172
0.187255859 0.924316406
0.200927734 0.936035156
0.204101562 0.921875000
0.219726562 0.929687500
0.235839844 0.927001953
0.250976562 0.935791016
0.265625000 0.927490234
0.289550781 0.932617188
0.311523438 0.923339844
0.320800781 0.933837891
0.336181641 0.928466797
0.357910156 0.930175781
0.372070312 0.925048828
0.388916016 0.922363281
0.393066406 0.936767578
0.406982422 0.929443359
0.432617188 0.931884766
0.449462891 0.931396484
0.464843750 0.926513672
0.479248047 0.923828125
0.491699219 0.934814453
0.509765625 0.924560547
0.521728516 0.935302734
0.537353516 0.931152344
0.552734375 0.926269531
0.566162109 0.932128906
0.589355469 0.928710938
0.604003906 0.937255859
0.610595703 0.923095703
0.626708984 0.926757812
0.642578125 0.930419922
0.656738281 0.925292969
0.673095703 0.933593750
0.688476562 0.927978516
0.704345703 0.933349609
0.732177734 0.936279297
0.737792969 0.922607422
0.751220703 0.932861328
0.772949219 0.926025391
0.783447266 0.935546875
0.796875000 0.923583984
0.815673828 0.934082031
0.834228516 0.929199219
0.850341797 0.929931641
0.866943359 0.924804688
0.881103516 0.934570312
0.895751953 0.928222656
0.910888672 0.930664062
0.928955078 0.924072266
0.942626953 0.927246094
0.955322266 0.936523438
0.969970703 0.931640625
0.997314453 0.922119141
0.015136719 0.943847656
0.030517578 0.947265625
0.043212891 0.937744141
0.060791016 0.950195312
0.071289062 0.939453125
0.078613281 0.952880859
0.099609375 0.942138672
0.114501953 0.946289062
0.129150391 0.945312500
0.153076172 0.942871094
0.166503906 0.949951172
0.184814453 0.939208984
0.195312500 0.951660156
0.212646484 0.944580078
0.230224609 0.940917969
0.243164062 0.948730469
0.259521484 0.950683594
0.271484375 0.941406250
0.284179688 0.948486328
0.303222656 0.938232422
0.313720703 0.951171875
0.330322266 0.945068359
0.347167969 0.940673828
0.362304688 0.946044922
0.376708984 0.938720703
0.401367188 0.949462891
0.416748047 0.942382812
0.430908203 0.947753906
0.446533203 0.946777344
0.462890625 0.943359375
0.477783203 0.939941406
0.489746094 0.952392578
0.505371094 0.940185547
0.521240234 0.951416016
0.535644531 0.946533203
0.550781250 0.943603516
0.564208984 0.947509766
0.580322266 0.941894531
0.593750000 0.949707031
0.621093750 0.938964844
0.627197266 0.952636719
0.640625000 0.944824219
0.658203125 0.941162109
0.675048828 0.948242188
0.690429688 0.942626953
0.718505859 0.950927734
0.718750000 0.937500000
0.743164062 0.945800781
0.756347656 0.951904297
0.767089844 0.941650391
0.788330078 0.948974609
0.801513672 0.938476562
0.818359375 0.949218750
0.832519531 0.944091797
0.848144531 0.945556641
0.867431641 0.940429688
0.888427734 0.947021484
0.903564453 0.943115234
0.919677734 0.952148438
0.924316406 0.937988281
0.938476562 0.944335938
0.968261719 0.947998047
0.983642578 0.939697266
0.999755859 0.950439453
0.003173828 0.966796875
0.016601562 0.958251953
0.034912109 0.962890625
0.047363281 0.954345703
0.062500000 0.965576172
0.091796875 0.956787109
0.105712891 0.959716797
0.121093750 0.961669922
0.135253906 0.966064453
0.143310547 0.953857422
0.158691406 0.963867188
0.178710938 0.957031250
0.189208984 0.968505859
0.205810547 0.960205078
0.224121094 0.955810547
0.238769531 0.962646484
0.253906250 0.964599609
0.273925781 0.960693359
0.296630859 0.954833984
0.308837891 0.967285156
0.325195312 0.965087891
0.341064453 0.956298828
0.355712891 0.961181641
0.373535156 0.957763672
0.386962891 0.953125000
0.390625000 0.966552734
0.412353516 0.958740234
0.427246094 0.962158203
0.442626953 0.963378906
0.457763672 0.959228516
0.473388672 0.955322266
0.498291016 0.968017578
0.507812500 0.955566406
0.529541016 0.965820312
0.543212891 0.960449219
0.559570312 0.961914062
0.576416016 0.958496094
0.586425781 0.967529297
0.601562500 0.963623047
0.611572266 0.953369141
0.636230469 0.965332031
0.650634766 0.956542969
0.665771484 0.959472656
0.683837891 0.961425781
0.699707031 0.954101562
0.710449219 0.964111328
0.727050781 0.968261719
0.735595703 0.957519531
0.760498047 0.966308594
0.774414062 0.957275391
0.790283203 0.964355469
0.804687500 0.955078125
0.823730469 0.962402344
0.839111328 0.959960938
0.855224609 0.967773438
0.860351562 0.954589844
0.875976562 0.956054688
0.890625000 0.964843750
0.906250000 0.958984375
0.934570312 0.960937500
0.951660156 0.953613281
0.960449219 0.967041016
0.974609375 0.963134766
0.987060547 0.958007812
0.009033203 0.982177734
0.021728516 0.971435547
0.037353516 0.979492188
0.051025391 0.974609375
0.075927734 0.969238281
0.082763672 0.984130859
0.094238281 0.973388672
0.110595703 0.976806641
0.125976562 0.978271484
0.147216797 0.974121094
0.160888672 0.982421875
0.173828125 0.972167969
0.202392578 0.979003906
0.216308594 0.970458984
0.231933594 0.976074219
0.247558594 0.980957031
0.263671875 0.975097656
0.278320312 0.979980469
0.288818359 0.968750000
0.306884766 0.982910156
0.323242188 0.981445312
0.338867188 0.973632812
0.353271484 0.977294922
0.368896484 0.970947266
0.382812500 0.980468750
0.403564453 0.971679688
0.418457031 0.975585938
0.435058594 0.978515625
0.451171875 0.977783203
0.466796875 0.972656250
0.481689453 0.969726562
0.486083984 0.983398438
0.513916016 0.970703125
0.517333984 0.983886719
0.532958984 0.980224609
0.549316406 0.975341797
0.568603516 0.973876953
0.589843750 0.981933594
0.605712891 0.978027344
0.619628906 0.968994141
0.628906250 0.981201172
0.646728516 0.975830078
0.661621094 0.972412109
0.678955078 0.976562500
0.695556641 0.972900391
0.710937500 0.979248047
0.724121094 0.983154297
0.746093750 0.970214844
0.764648438 0.981689453
0.777587891 0.973144531
0.796142578 0.978759766
0.809082031 0.969482422
0.813964844 0.983642578
0.828613281 0.976318359
0.844726562 0.977050781
0.871582031 0.971923828
0.883789062 0.980712891
0.900878906 0.974365234
0.917236328 0.969970703
0.930664062 0.977539062
0.946044922 0.971191406
0.961425781 0.982666016
0.977050781 0.979736328
0.992187500 0.974853516
0.005859375 0.997558594
0.024414062 0.988037109
0.039062500 0.995361328
0.054687500 0.990478516
0.067871094 0.984375000
0.087890625 0.999023438
0.102050781 0.989501953
0.119873047 0.993408203
0.136718750 0.988525391
0.150878906 0.992919922
0.167968750 0.996337891
0.181640625 0.985351562
0.195068359 0.991210938
0.209960938 0.998535156
0.220703125 0.986328125
0.236572266 0.994384766
0.252197266 0.995849609
0.267578125 0.990722656
0.291748047 0.985107422
0.298828125 0.998291016
0.318603516 0.996582031
0.335449219 0.989990234
0.350341797 0.992187500
0.366943359 0.987060547
0.381591797 0.997314453
0.396972656 0.986083984
0.409667969 0.993896484
0.424316406 0.989013672
0.440429688 0.994873047
0.456054688 0.991943359
0.470458984 0.987548828
0.493652344 0.999511719
0.501464844 0.985595703
0.525878906 0.996826172
0.541748047 0.993164062
0.558105469 0.990234375
0.573486328 0.987304688
0.584472656 0.998779297
0.599121094 0.995117188
0.614746094 0.989746094
0.637939453 0.991699219
0.653320312 0.992431641
0.668457031 0.986816406
0.682373047 0.997802734
0.692382812 0.988281250
0.706054688 0.994628906
0.732666016 0.999755859
0.738769531 0.984619141
0.752685547 0.988769531
0.771240234 0.997070312
0.782958984 0.987792969
0.800048828 0.994140625
0.827392578 0.993652344
0.842773438 0.991455078
0.859130859 0.984863281
0.864013672 0.998046875
0.878906250 0.996093750
0.896972656 0.989257812
0.913330078 0.985839844
0.926757812 0.992675781
0.944335938 0.986572266
0.954345703 0.999267578
0.971191406 0.995605469
0.990234375 0.990966797
